<?xml version="1.0"?>
<opencv_storage>
<displayPoints type_id="opencv-matrix">
  <rows>2</rows>
  <cols>44</cols>
  <dt>f</dt>
  <data>
    2.40752832e+03 2.42286426e+03 2.43100854e+03 2.43496924e+03
    2.19644238e+03 2.20463477e+03 2.21063306e+03 2.21445459e+03
    1.96771069e+03 1.97521460e+03 1.98115894e+03 1.98763867e+03
    1.73764258e+03 1.74283923e+03 1.74898071e+03 1.75566260e+03
    1.50820422e+03 1.51340100e+03 1.51907532e+03 1.52543811e+03
    1.28544702e+03 1.29080115e+03 1.29641382e+03 1.30237866e+03
    1.04997888e+03 1.05515320e+03 1.06044678e+03 1.06632996e+03
    8.27680542e+02 8.33126099e+02 8.38401489e+02 8.43736206e+02
    5.96308228e+02 5.99763611e+02 6.05259155e+02 6.10396301e+02
    3.77043732e+02 3.80480682e+02 3.85603546e+02 3.92556641e+02
    1.61906769e+02 1.58433975e+02 1.61513306e+02 1.68534271e+02
    1.43468185e+02 5.62606628e+02 9.80765442e+02 1.40673474e+03
    3.55646332e+02 7.73824036e+02 1.20197363e+03 1.62079297e+03
    1.41891586e+02 5.67075500e+02 9.87349487e+02 1.41571899e+03
    3.60968811e+02 7.80895142e+02 1.20836462e+03 1.62910913e+03
    1.47515701e+02 5.74743103e+02 9.93958130e+02 1.42120996e+03
    3.68410767e+02 7.87376770e+02 1.21433130e+03 1.63383618e+03
    1.54829514e+02 5.81467041e+02 9.99878784e+02 1.42654346e+03
    3.75045197e+02 7.93879517e+02 1.21979138e+03 1.63917749e+03
    1.63021530e+02 5.87585449e+02 1.00577332e+03 1.43218091e+03
    3.82522675e+02 7.99824219e+02 1.22513879e+03 1.64258667e+03
    1.77016006e+02 5.95059937e+02 1.01124841e+03 1.43512476e+03</data></displayPoints>
<image_points type_id="opencv-matrix">
  <rows>2</rows>
  <cols>44</cols>
  <dt>f</dt>
  <data>
    1.10051178e+02 1.10051178e+02 1.10051178e+02 1.10051178e+02
    1.39425369e+02 1.39425369e+02 1.39425369e+02 1.39425369e+02
    1.68799561e+02 1.68799561e+02 1.68799561e+02 1.68799561e+02
    1.98173737e+02 1.98173737e+02 1.98173737e+02 1.98173737e+02
    2.27547928e+02 2.27547928e+02 2.27547928e+02 2.27547928e+02
    2.56922119e+02 2.56922119e+02 2.56922119e+02 2.56922119e+02
    2.86296295e+02 2.86296295e+02 2.86296295e+02 2.86296295e+02
    3.15670502e+02 3.15670502e+02 3.15670502e+02 3.15670502e+02
    3.45044678e+02 3.45044678e+02 3.45044678e+02 3.45044678e+02
    3.74418884e+02 3.74418884e+02 3.74418884e+02 3.74418884e+02
    4.03793091e+02 4.03793091e+02 4.03793091e+02 4.03793091e+02
    6.07280579e+01 1.15328056e+02 1.69928055e+02 2.24528046e+02
    8.80280609e+01 1.42628052e+02 1.97228058e+02 2.51828049e+02
    6.07280579e+01 1.15328056e+02 1.69928055e+02 2.24528046e+02
    8.80280609e+01 1.42628052e+02 1.97228058e+02 2.51828049e+02
    6.07280579e+01 1.15328056e+02 1.69928055e+02 2.24528046e+02
    8.80280609e+01 1.42628052e+02 1.97228058e+02 2.51828049e+02
    6.07280579e+01 1.15328056e+02 1.69928055e+02 2.24528046e+02
    8.80280609e+01 1.42628052e+02 1.97228058e+02 2.51828049e+02
    6.07280579e+01 1.15328056e+02 1.69928055e+02 2.24528046e+02
    8.80280609e+01 1.42628052e+02 1.97228058e+02 2.51828049e+02
    6.07280579e+01 1.15328056e+02 1.69928055e+02 2.24528046e+02</data></image_points>
<dHi type_id="opencv-matrix">
  <rows>3</rows>
  <cols>3</cols>
  <dt>d</dt>
  <data>
    -7.7214442383121860e+00 6.5804473959367671e-02
    3.2665120581871233e+03 1.2994595322783289e-01 7.7269698985281572e+00
    -3.4543645245522794e+02 2.7539846158131310e-05
    -3.0198949627357663e-05 1.</data></dHi>
<displayPoints_reprojection_error>4.8002915365676992e+00</displayPoints_reprojection_error>
</opencv_storage>
