<?xml version="1.0"?>
<opencv_storage>
<displayPoints type_id="opencv-matrix">
  <rows>2</rows>
  <cols>44</cols>
  <dt>f</dt>
  <data>
    2.42640454e+03 2.43186499e+03 2.43215430e+03 2.43034253e+03
    2.21004199e+03 2.21028491e+03 2.20983130e+03 2.20796143e+03
    1.98221082e+03 1.98223413e+03 1.98123315e+03 1.98105054e+03
    1.75772754e+03 1.75679883e+03 1.75655383e+03 1.75849329e+03
    1.52608936e+03 1.52581201e+03 1.52592065e+03 1.52646924e+03
    1.30203406e+03 1.30263672e+03 1.30269360e+03 1.30237256e+03
    1.07669324e+03 1.07872009e+03 1.07872705e+03 1.07913171e+03
    8.43877686e+02 8.46073364e+02 8.46996338e+02 8.44600098e+02
    6.16905640e+02 6.19015625e+02 6.20672546e+02 6.19219482e+02
    3.90976624e+02 3.92872681e+02 3.92923950e+02 3.91991211e+02
    1.61376007e+02 1.58597427e+02 1.58139984e+02 1.59011322e+02
    1.56166901e+02 5.70101379e+02 9.94044189e+02 1.41013916e+03
    3.60428772e+02 7.78146484e+02 1.20292200e+03 1.62719580e+03
    1.51730423e+02 5.70137268e+02 9.94488403e+02 1.41147229e+03
    3.61211548e+02 7.79221619e+02 1.20269812e+03 1.62745337e+03
    1.51387421e+02 5.71058350e+02 9.94855774e+02 1.41035657e+03
    3.61627686e+02 7.79104004e+02 1.20242896e+03 1.62699805e+03
    1.50577606e+02 5.70949585e+02 9.94540894e+02 1.41067285e+03
    3.60134583e+02 7.78868774e+02 1.20278955e+03 1.62834033e+03
    1.49326767e+02 5.68870239e+02 9.94304688e+02 1.41209106e+03
    3.58226959e+02 7.77099731e+02 1.20343884e+03 1.62910645e+03
    1.52131561e+02 5.67236694e+02 9.93709473e+02 1.41168738e+03</data></displayPoints>
<image_points type_id="opencv-matrix">
  <rows>2</rows>
  <cols>44</cols>
  <dt>f</dt>
  <data>
    1.00568298e+02 1.00568298e+02 1.00568298e+02 1.00568298e+02
    1.29942490e+02 1.29942490e+02 1.29942490e+02 1.29942490e+02
    1.59316681e+02 1.59316681e+02 1.59316681e+02 1.59316681e+02
    1.88690857e+02 1.88690857e+02 1.88690857e+02 1.88690857e+02
    2.18065048e+02 2.18065048e+02 2.18065048e+02 2.18065048e+02
    2.47439255e+02 2.47439255e+02 2.47439255e+02 2.47439255e+02
    2.76813416e+02 2.76813416e+02 2.76813416e+02 2.76813416e+02
    3.06187622e+02 3.06187622e+02 3.06187622e+02 3.06187622e+02
    3.35561798e+02 3.35561798e+02 3.35561798e+02 3.35561798e+02
    3.64936005e+02 3.64936005e+02 3.64936005e+02 3.64936005e+02
    3.94310211e+02 3.94310211e+02 3.94310211e+02 3.94310211e+02
    2.00014679e+02 2.54614685e+02 3.09214661e+02 3.63814667e+02
    2.27314682e+02 2.81914673e+02 3.36514679e+02 3.91114685e+02
    2.00014679e+02 2.54614685e+02 3.09214661e+02 3.63814667e+02
    2.27314682e+02 2.81914673e+02 3.36514679e+02 3.91114685e+02
    2.00014679e+02 2.54614685e+02 3.09214661e+02 3.63814667e+02
    2.27314682e+02 2.81914673e+02 3.36514679e+02 3.91114685e+02
    2.00014679e+02 2.54614685e+02 3.09214661e+02 3.63814667e+02
    2.27314682e+02 2.81914673e+02 3.36514679e+02 3.91114685e+02
    2.00014679e+02 2.54614685e+02 3.09214661e+02 3.63814667e+02
    2.27314682e+02 2.81914673e+02 3.36514679e+02 3.91114685e+02
    2.00014679e+02 2.54614685e+02 3.09214661e+02 3.63814667e+02</data></image_points>
<dHi type_id="opencv-matrix">
  <rows>3</rows>
  <cols>3</cols>
  <dt>d</dt>
  <data>
    -7.6819842570278301e+00 -1.2397090621736214e-02
    3.1915417441479931e+03 -2.9244833547325585e-02
    7.6148422131884743e+00 -1.3671017091009039e+03
    -3.0194760682993252e-05 -1.4012862552522972e-05 1.</data></dHi>
<displayPoints_reprojection_error>3.2932421668025214e+00</displayPoints_reprojection_error>
</opencv_storage>
