<?xml version="1.0"?>
<opencv_storage>
<displayPoints type_id="opencv-matrix">
  <rows>2</rows>
  <cols>44</cols>
  <dt>f</dt>
  <data>
    2.41469824e+03 2.43774365e+03 2.45453979e+03 2.46747827e+03
    2.20569678e+03 2.21883594e+03 2.23569873e+03 2.25001880e+03
    1.97472192e+03 1.98191968e+03 1.99401685e+03 2.01203662e+03
    1.74309839e+03 1.74924243e+03 1.76260376e+03 1.78317261e+03
    1.51983032e+03 1.52385400e+03 1.53148572e+03 1.54239453e+03
    1.29905896e+03 1.30464478e+03 1.31102258e+03 1.31930933e+03
    1.06278760e+03 1.07244495e+03 1.07648242e+03 1.07802832e+03
    8.46099731e+02 8.51466248e+02 8.50243896e+02 8.46483887e+02
    6.06713562e+02 6.12841858e+02 6.13163269e+02 6.07026794e+02
    3.81575012e+02 3.80924866e+02 3.76299103e+02 3.74823547e+02
    1.65113342e+02 1.53605499e+02 1.49079849e+02 1.46051224e+02
    2.84880890e+02 7.05331177e+02 1.12682312e+03 1.56220825e+03
    4.92477417e+02 9.18300476e+02 1.35209119e+03 1.78846692e+03
    2.84907654e+02 7.13665161e+02 1.13221045e+03 1.57052881e+03
    5.04459167e+02 9.25981384e+02 1.35359802e+03 1.79032056e+03
    2.97181549e+02 7.24229004e+02 1.13571887e+03 1.57046509e+03
    5.14132202e+02 9.31976196e+02 1.35688672e+03 1.79496484e+03
    3.06253479e+02 7.29994080e+02 1.14142908e+03 1.57674878e+03
    5.16777405e+02 9.37598755e+02 1.36480981e+03 1.80260938e+03
    3.02543671e+02 7.31949890e+02 1.14973779e+03 1.58938281e+03
    5.16192871e+02 9.42534424e+02 1.37665466e+03 1.80871973e+03
    3.10369781e+02 7.34850403e+02 1.15757507e+03 1.59508472e+03</data></displayPoints>
<image_points type_id="opencv-matrix">
  <rows>2</rows>
  <cols>44</cols>
  <dt>f</dt>
  <data>
    1.00568298e+02 1.00568298e+02 1.00568298e+02 1.00568298e+02
    1.29942490e+02 1.29942490e+02 1.29942490e+02 1.29942490e+02
    1.59316681e+02 1.59316681e+02 1.59316681e+02 1.59316681e+02
    1.88690857e+02 1.88690857e+02 1.88690857e+02 1.88690857e+02
    2.18065048e+02 2.18065048e+02 2.18065048e+02 2.18065048e+02
    2.47439255e+02 2.47439255e+02 2.47439255e+02 2.47439255e+02
    2.76813416e+02 2.76813416e+02 2.76813416e+02 2.76813416e+02
    3.06187622e+02 3.06187622e+02 3.06187622e+02 3.06187622e+02
    3.35561798e+02 3.35561798e+02 3.35561798e+02 3.35561798e+02
    3.64936005e+02 3.64936005e+02 3.64936005e+02 3.64936005e+02
    3.94310211e+02 3.94310211e+02 3.94310211e+02 3.94310211e+02
    2.00014679e+02 2.54614685e+02 3.09214661e+02 3.63814667e+02
    2.27314682e+02 2.81914673e+02 3.36514679e+02 3.91114685e+02
    2.00014679e+02 2.54614685e+02 3.09214661e+02 3.63814667e+02
    2.27314682e+02 2.81914673e+02 3.36514679e+02 3.91114685e+02
    2.00014679e+02 2.54614685e+02 3.09214661e+02 3.63814667e+02
    2.27314682e+02 2.81914673e+02 3.36514679e+02 3.91114685e+02
    2.00014679e+02 2.54614685e+02 3.09214661e+02 3.63814667e+02
    2.27314682e+02 2.81914673e+02 3.36514679e+02 3.91114685e+02
    2.00014679e+02 2.54614685e+02 3.09214661e+02 3.63814667e+02
    2.27314682e+02 2.81914673e+02 3.36514679e+02 3.91114685e+02
    2.00014679e+02 2.54614685e+02 3.09214661e+02 3.63814667e+02</data></image_points>
<dHi type_id="opencv-matrix">
  <rows>3</rows>
  <cols>3</cols>
  <dt>d</dt>
  <data>
    -7.4353948288575511e+00 -1.0322972129353314e-01
    3.1055634461267423e+03 8.1276224889466675e-02 7.2522619621496300e+00
    -1.1808400077659369e+03 -1.4011560392692042e-05
    -1.6438030865865001e-04 1.</data></dHi>
<displayPoints_reprojection_error>5.5592786799244900e+00</displayPoints_reprojection_error>
</opencv_storage>
