<?xml version="1.0"?>
<opencv_storage>
<displayPoints type_id="opencv-matrix">
  <rows>2</rows>
  <cols>44</cols>
  <dt>f</dt>
  <data>
    2.30860547e+03 2.32479272e+03 2.33970483e+03 2.35389771e+03
    2.11663501e+03 2.12743506e+03 2.14206689e+03 2.15623022e+03
    1.91090381e+03 1.91689062e+03 1.92678223e+03 1.94224805e+03
    1.70518018e+03 1.71036011e+03 1.72075537e+03 1.73621411e+03
    1.50664612e+03 1.50998938e+03 1.51566162e+03 1.52418176e+03
    1.31176904e+03 1.31476941e+03 1.31889514e+03 1.32350476e+03
    1.10624768e+03 1.10906506e+03 1.11119617e+03 1.11104736e+03
    9.10211304e+02 9.12522339e+02 9.09372192e+02 9.03841064e+02
    6.79417175e+02 6.51703491e+02 7.00222473e+02 6.91571106e+02
    4.97114441e+02 4.94785889e+02 4.87263184e+02 4.79002899e+02
    2.97571747e+02 2.90961212e+02 2.83849030e+02 2.75360779e+02
    3.67407074e+02 7.40430115e+02 1.11491565e+03 1.50444946e+03
    5.51703125e+02 9.28855957e+02 1.31410254e+03 1.70146997e+03
    3.72187195e+02 7.46603760e+02 1.11763867e+03 1.50757031e+03
    5.60258972e+02 9.33304688e+02 1.31329419e+03 1.70305786e+03
    3.80910461e+02 7.52842896e+02 1.11977063e+03 1.50505359e+03
    5.66310486e+02 9.37140930e+02 1.31435205e+03 1.70345679e+03
    3.84684570e+02 7.56145386e+02 1.12194202e+03 1.50827759e+03
    5.67870117e+02 9.40176392e+02 1.31928210e+03 1.70959717e+03
    3.78092499e+02 7.31686279e+02 1.12740491e+03 1.51733154e+03
    5.64085449e+02 9.42873169e+02 1.32795374e+03 1.71712451e+03
    3.81476593e+02 7.56685974e+02 1.13283337e+03 1.52436743e+03</data></displayPoints>
<image_points type_id="opencv-matrix">
  <rows>2</rows>
  <cols>44</cols>
  <dt>f</dt>
  <data>
    1.00568298e+02 1.00568298e+02 1.00568298e+02 1.00568298e+02
    1.29942490e+02 1.29942490e+02 1.29942490e+02 1.29942490e+02
    1.59316681e+02 1.59316681e+02 1.59316681e+02 1.59316681e+02
    1.88690857e+02 1.88690857e+02 1.88690857e+02 1.88690857e+02
    2.18065048e+02 2.18065048e+02 2.18065048e+02 2.18065048e+02
    2.47439255e+02 2.47439255e+02 2.47439255e+02 2.47439255e+02
    2.76813416e+02 2.76813416e+02 2.76813416e+02 2.76813416e+02
    3.06187622e+02 3.06187622e+02 3.06187622e+02 3.06187622e+02
    3.35561798e+02 3.35561798e+02 3.35561798e+02 3.35561798e+02
    3.64936005e+02 3.64936005e+02 3.64936005e+02 3.64936005e+02
    3.94310211e+02 3.94310211e+02 3.94310211e+02 3.94310211e+02
    2.00014679e+02 2.54614685e+02 3.09214661e+02 3.63814667e+02
    2.27314682e+02 2.81914673e+02 3.36514679e+02 3.91114685e+02
    2.00014679e+02 2.54614685e+02 3.09214661e+02 3.63814667e+02
    2.27314682e+02 2.81914673e+02 3.36514679e+02 3.91114685e+02
    2.00014679e+02 2.54614685e+02 3.09214661e+02 3.63814667e+02
    2.27314682e+02 2.81914673e+02 3.36514679e+02 3.91114685e+02
    2.00014679e+02 2.54614685e+02 3.09214661e+02 3.63814667e+02
    2.27314682e+02 2.81914673e+02 3.36514679e+02 3.91114685e+02
    2.00014679e+02 2.54614685e+02 3.09214661e+02 3.63814667e+02
    2.27314682e+02 2.81914673e+02 3.36514679e+02 3.91114685e+02
    2.00014679e+02 2.54614685e+02 3.09214661e+02 3.63814667e+02</data></image_points>
<dHi type_id="opencv-matrix">
  <rows>3</rows>
  <cols>3</cols>
  <dt>d</dt>
  <data>
    -6.6236950811915394e+00 -1.3611793479219550e-01
    2.9184768873229723e+03 3.0209153742583345e-02 6.3917323305025935e+00
    -9.2340118646250585e+02 -1.7987040217752403e-05
    -1.7196952443895088e-04 1.</data></dHi>
<displayPoints_reprojection_error>9.5057112590158805e+00</displayPoints_reprojection_error>
</opencv_storage>
