<?xml version="1.0"?>
<opencv_storage>
<displayPoints type_id="opencv-matrix">
  <rows>2</rows>
  <cols>21</cols>
  <dt>f</dt>
  <data>
    2.26879089e+02 2.24090393e+02 2.21312561e+02 4.88989288e+02
    4.86113831e+02 4.80809967e+02 7.51402100e+02 7.48014038e+02
    7.42864624e+02 1.01141223e+03 1.00636682e+03 1.00110217e+03
    1.28395056e+03 1.27756897e+03 1.27209802e+03 1.54375012e+03
    1.53695996e+03 1.53127771e+03 1.81545166e+03 1.80806763e+03
    1.80125610e+03 1.60229321e+03 1.11307275e+03 6.26339233e+02
    1.35431152e+03 8.67731506e+02 3.81042664e+02 1.59867139e+03
    1.10742957e+03 6.21233643e+02 1.34927710e+03 8.61974670e+02
    3.74263458e+02 1.59511780e+03 1.10230481e+03 6.14221252e+02
    1.34580090e+03 8.55699219e+02 3.65533752e+02 1.59305859e+03
    1.09798694e+03 6.05671143e+02</data></displayPoints>
<image_points type_id="opencv-matrix">
  <rows>2</rows>
  <cols>21</cols>
  <dt>f</dt>
  <data>
    1.31605499e+02 2.15605499e+02 2.99605499e+02 1.73605499e+02
    2.57605499e+02 3.41605499e+02 1.31605499e+02 2.15605499e+02
    2.99605499e+02 1.73605499e+02 2.57605499e+02 3.41605499e+02
    1.31605499e+02 2.15605499e+02 2.99605499e+02 1.73605499e+02
    2.57605499e+02 3.41605499e+02 1.31605499e+02 2.15605499e+02
    2.99605499e+02 1.32276306e+02 1.32276306e+02 1.32276306e+02
    1.77467361e+02 1.77467361e+02 1.77467361e+02 2.22658417e+02
    2.22658417e+02 2.22658417e+02 2.67849487e+02 2.67849487e+02
    2.67849487e+02 3.13040558e+02 3.13040558e+02 3.13040558e+02
    3.58231598e+02 3.58231598e+02 3.58231598e+02 4.03422668e+02
    4.03422668e+02 4.03422668e+02</data></image_points>
<dHi type_id="opencv-matrix">
  <rows>3</rows>
  <cols>3</cols>
  <dt>d</dt>
  <data>
    -2.6280638203298193e-02 5.7650476139730955e+00
    -5.3212975680194359e+02 -5.7653678991837376e+00
    -1.0660192844163066e-01 2.3717135538761513e+03
    3.5281001000872470e-05 -4.6430660770876066e-05
    9.9999999999999989e-01</data></dHi>
<displayPoints_reprojection_error>1.6248127968488517e+00</displayPoints_reprojection_error>
</opencv_storage>
