<?xml version="1.0"?>
<opencv_storage>
<displayPoints type_id="opencv-matrix">
  <rows>2</rows>
  <cols>28</cols>
  <dt>f</dt>
  <data>
    1.54328101e+03 1.53399512e+03 1.52550049e+03 1.51761084e+03
    1.31441138e+03 1.30474768e+03 1.29737000e+03 1.28959705e+03
    1.09382141e+03 1.08488135e+03 1.07614380e+03 1.06789661e+03
    8.67155518e+02 8.57738281e+02 8.50612976e+02 8.41349243e+02
    6.46131958e+02 6.37340881e+02 6.28490295e+02 6.19356873e+02
    4.15773132e+02 4.08453064e+02 3.99093689e+02 3.90349274e+02
    1.98987396e+02 1.89929520e+02 1.80747726e+02 1.72348587e+02
    3.53667480e+02 7.71484314e+02 1.18945691e+03 1.60760205e+03
    5.58793213e+02 9.76100952e+02 1.39317090e+03 1.81046814e+03
    3.45523193e+02 7.62687195e+02 1.17894946e+03 1.59671289e+03
    5.49904419e+02 9.66522705e+02 1.38220520e+03 1.80041040e+03
    3.37237000e+02 7.53732483e+02 1.16857935e+03 1.58640417e+03
    5.40591064e+02 9.56021362e+02 1.37233557e+03 1.78860168e+03
    3.28309540e+02 7.43065125e+02 1.15961597e+03 1.57554150e+03</data></displayPoints>
<image_points type_id="opencv-matrix">
  <rows>2</rows>
  <cols>28</cols>
  <dt>f</dt>
  <data>
    4.77047546e+02 4.77047546e+02 4.77047546e+02 4.77047546e+02
    4.99643066e+02 4.99643066e+02 4.99643066e+02 4.99643066e+02
    5.22238586e+02 5.22238586e+02 5.22238586e+02 5.22238586e+02
    5.44834167e+02 5.44834167e+02 5.44834167e+02 5.44834167e+02
    5.67429688e+02 5.67429688e+02 5.67429688e+02 5.67429688e+02
    5.90025208e+02 5.90025208e+02 5.90025208e+02 5.90025208e+02
    6.12620728e+02 6.12620728e+02 6.12620728e+02 6.12620728e+02
    1.00265182e+02 1.42265182e+02 1.84265182e+02 2.26265182e+02
    1.21265182e+02 1.63265182e+02 2.05265182e+02 2.47265182e+02
    1.00265182e+02 1.42265182e+02 1.84265182e+02 2.26265182e+02
    1.21265182e+02 1.63265182e+02 2.05265182e+02 2.47265182e+02
    1.00265182e+02 1.42265182e+02 1.84265182e+02 2.26265182e+02
    1.21265182e+02 1.63265182e+02 2.05265182e+02 2.47265182e+02
    1.00265182e+02 1.42265182e+02 1.84265182e+02 2.26265182e+02</data></image_points>
<dHi type_id="opencv-matrix">
  <rows>3</rows>
  <cols>3</cols>
  <dt>d</dt>
  <data>
    -1.0016316641811402e+01 -2.1532184311182498e-01
    6.3591535102998942e+03 -1.9355537448957749e-01
    1.0025115839053324e+01 -5.5412833638704171e+02
    2.4440764010253279e-05 -1.0445690210489680e-05
    9.9999999999999989e-01</data></dHi>
<displayPoints_reprojection_error>1.0317081084830590e+00</displayPoints_reprojection_error>
</opencv_storage>
