<?xml version="1.0"?>
<opencv_storage>
<displayPoints type_id="opencv-matrix">
  <rows>2</rows>
  <cols>44</cols>
  <dt>f</dt>
  <data>
    2.32988745e+03 2.32585327e+03 2.32132715e+03 2.31613647e+03
    2.10355640e+03 2.09840063e+03 2.09540015e+03 2.09094824e+03
    1.88685425e+03 1.88092480e+03 1.87725537e+03 1.87493018e+03
    1.65874268e+03 1.65438574e+03 1.65133008e+03 1.64926575e+03
    1.44891638e+03 1.44451245e+03 1.44083130e+03 1.43776355e+03
    1.22395789e+03 1.21992664e+03 1.21641516e+03 1.21284790e+03
    1.00989355e+03 1.00686096e+03 1.00278101e+03 9.98444580e+02
    7.89146362e+02 7.85763794e+02 7.80730469e+02 7.76151733e+02
    5.76645874e+02 5.73878967e+02 5.69707581e+02 5.65189819e+02
    3.51572723e+02 3.48098663e+02 3.44286499e+02 3.42825775e+02
    1.40605789e+02 1.35147110e+02 1.31470291e+02 1.31436508e+02
    4.05986145e+02 8.10303406e+02 1.22204651e+03 1.62547876e+03
    6.05485840e+02 1.01670520e+03 1.42089404e+03 1.83159302e+03
    4.01204468e+02 8.05774048e+02 1.21537891e+03 1.62038855e+03
    6.02178711e+02 1.01068701e+03 1.41390881e+03 1.82630347e+03
    3.98710510e+02 8.00819824e+02 1.20933569e+03 1.61321436e+03
    5.98801636e+02 1.00606616e+03 1.40776465e+03 1.82014648e+03
    3.95394745e+02 7.97002319e+02 1.20440991e+03 1.60792065e+03
    5.94066040e+02 1.00192627e+03 1.40389954e+03 1.81503491e+03
    3.90188110e+02 7.92750854e+02 1.20139148e+03 1.60479224e+03
    5.89552856e+02 9.98430420e+02 1.40109912e+03 1.80859521e+03
    3.88043610e+02 7.89461609e+02 1.19807629e+03 1.59851624e+03</data></displayPoints>
<image_points type_id="opencv-matrix">
  <rows>2</rows>
  <cols>44</cols>
  <dt>f</dt>
  <data>
    4.60547852e+02 4.60547852e+02 4.60547852e+02 4.60547852e+02
    4.93085419e+02 4.93085419e+02 4.93085419e+02 4.93085419e+02
    5.25622986e+02 5.25622986e+02 5.25622986e+02 5.25622986e+02
    5.58160522e+02 5.58160522e+02 5.58160522e+02 5.58160522e+02
    5.90698120e+02 5.90698120e+02 5.90698120e+02 5.90698120e+02
    6.23235657e+02 6.23235657e+02 6.23235657e+02 6.23235657e+02
    6.55773254e+02 6.55773254e+02 6.55773254e+02 6.55773254e+02
    6.88310791e+02 6.88310791e+02 6.88310791e+02 6.88310791e+02
    7.20848389e+02 7.20848389e+02 7.20848389e+02 7.20848389e+02
    7.53385925e+02 7.53385925e+02 7.53385925e+02 7.53385925e+02
    7.85923523e+02 7.85923523e+02 7.85923523e+02 7.85923523e+02
    9.04226379e+01 1.50902649e+02 2.11382645e+02 2.71862640e+02
    1.20662643e+02 1.81142639e+02 2.41622650e+02 3.02102661e+02
    9.04226379e+01 1.50902649e+02 2.11382645e+02 2.71862640e+02
    1.20662643e+02 1.81142639e+02 2.41622650e+02 3.02102661e+02
    9.04226379e+01 1.50902649e+02 2.11382645e+02 2.71862640e+02
    1.20662643e+02 1.81142639e+02 2.41622650e+02 3.02102661e+02
    9.04226379e+01 1.50902649e+02 2.11382645e+02 2.71862640e+02
    1.20662643e+02 1.81142639e+02 2.41622650e+02 3.02102661e+02
    9.04226379e+01 1.50902649e+02 2.11382645e+02 2.71862640e+02
    1.20662643e+02 1.81142639e+02 2.41622650e+02 3.02102661e+02
    9.04226379e+01 1.50902649e+02 2.11382645e+02 2.71862640e+02</data></image_points>
<dHi type_id="opencv-matrix">
  <rows>3</rows>
  <cols>3</cols>
  <dt>d</dt>
  <data>
    -6.8148288552249481e+00 -7.1077671087557151e-02
    5.5066188848094462e+03 -3.6722840038628905e-02
    6.8514954263236101e+00 -1.9331196320814567e+02
    3.2758027798499607e-05 -1.3653336257940222e-06 1.</data></dHi>
<displayPoints_reprojection_error>3.1826649520408545e+00</displayPoints_reprojection_error>
</opencv_storage>
