<?xml version="1.0"?>
<opencv_storage>
<displayPoints type_id="opencv-matrix">
  <rows>2</rows>
  <cols>44</cols>
  <dt>f</dt>
  <data>
    2.32660889e+03 2.32928491e+03 2.32719116e+03 2.32268823e+03
    2.11544946e+03 2.11264160e+03 2.10879810e+03 2.10428711e+03
    1.89203784e+03 1.88823706e+03 1.88369775e+03 1.87965869e+03
    1.66568823e+03 1.66042432e+03 1.65602222e+03 1.65221313e+03
    1.45504358e+03 1.45010950e+03 1.44514343e+03 1.44025256e+03
    1.22809631e+03 1.22291882e+03 1.21793250e+03 1.21271301e+03
    1.01282281e+03 1.00806982e+03 1.00252393e+03 9.97325928e+02
    7.88835693e+02 7.83833984e+02 7.78178223e+02 7.71782043e+02
    5.78327881e+02 5.71531006e+02 5.65549744e+02 5.59560303e+02
    3.51874237e+02 3.43821564e+02 3.37597870e+02 3.32857178e+02
    1.48260910e+02 1.34767960e+02 1.26175568e+02 1.21243179e+02
    1.71527954e+02 5.71450928e+02 9.83502808e+02 1.38940112e+03
    3.65996277e+02 7.71560425e+02 1.18472913e+03 1.59169385e+03
    1.61606293e+02 5.66460754e+02 9.78936035e+02 1.38553979e+03
    3.61715393e+02 7.67442261e+02 1.17931287e+03 1.58661951e+03
    1.57189224e+02 5.62555664e+02 9.74235840e+02 1.37978418e+03
    3.57508606e+02 7.62323669e+02 1.17418286e+03 1.58066846e+03
    1.52138489e+02 5.57627991e+02 9.69168945e+02 1.37444543e+03
    3.51835449e+02 7.57208679e+02 1.16872522e+03 1.57555469e+03
    1.48536087e+02 5.51440918e+02 9.63324219e+02 1.36912207e+03
    3.48092438e+02 7.51332764e+02 1.16294543e+03 1.56798608e+03
    1.50685760e+02 5.47896240e+02 9.57542480e+02 1.36093408e+03</data></displayPoints>
<image_points type_id="opencv-matrix">
  <rows>2</rows>
  <cols>44</cols>
  <dt>f</dt>
  <data>
    4.60401611e+02 4.60401611e+02 4.60401611e+02 4.60401611e+02
    4.92939178e+02 4.92939178e+02 4.92939178e+02 4.92939178e+02
    5.25476746e+02 5.25476746e+02 5.25476746e+02 5.25476746e+02
    5.58014282e+02 5.58014282e+02 5.58014282e+02 5.58014282e+02
    5.90551880e+02 5.90551880e+02 5.90551880e+02 5.90551880e+02
    6.23089417e+02 6.23089417e+02 6.23089417e+02 6.23089417e+02
    6.55627014e+02 6.55627014e+02 6.55627014e+02 6.55627014e+02
    6.88164551e+02 6.88164551e+02 6.88164551e+02 6.88164551e+02
    7.20702148e+02 7.20702148e+02 7.20702148e+02 7.20702148e+02
    7.53239685e+02 7.53239685e+02 7.53239685e+02 7.53239685e+02
    7.85777283e+02 7.85777283e+02 7.85777283e+02 7.85777283e+02
    1.80065582e+02 2.40545593e+02 3.01025574e+02 3.61505585e+02
    2.10305588e+02 2.70785583e+02 3.31265594e+02 3.91745605e+02
    1.80065582e+02 2.40545593e+02 3.01025574e+02 3.61505585e+02
    2.10305588e+02 2.70785583e+02 3.31265594e+02 3.91745605e+02
    1.80065582e+02 2.40545593e+02 3.01025574e+02 3.61505585e+02
    2.10305588e+02 2.70785583e+02 3.31265594e+02 3.91745605e+02
    1.80065582e+02 2.40545593e+02 3.01025574e+02 3.61505585e+02
    2.10305588e+02 2.70785583e+02 3.31265594e+02 3.91745605e+02
    1.80065582e+02 2.40545593e+02 3.01025574e+02 3.61505585e+02
    2.10305588e+02 2.70785583e+02 3.31265594e+02 3.91745605e+02
    1.80065582e+02 2.40545593e+02 3.01025574e+02 3.61505585e+02</data></image_points>
<dHi type_id="opencv-matrix">
  <rows>3</rows>
  <cols>3</cols>
  <dt>d</dt>
  <data>
    -6.7547151720117338e+00 -1.4068425452126712e-01
    5.4769578908881149e+03 -5.6499935363702715e-02
    6.7256975261794896e+00 -1.0185733557722521e+03
    2.5676440131597895e-05 -4.2782468421603716e-05 1.</data></dHi>
<displayPoints_reprojection_error>3.7102787942538962e+00</displayPoints_reprojection_error>
</opencv_storage>
