<?xml version="1.0"?>
<opencv_storage>
<displayPoints type_id="opencv-matrix">
  <rows>2</rows>
  <cols>44</cols>
  <dt>f</dt>
  <data>
    2.10103760e+03 2.10758301e+03 2.11571411e+03 2.12641650e+03
    1.94215112e+03 1.94784302e+03 1.95727148e+03 1.96867944e+03
    1.77915637e+03 1.78270410e+03 1.78940820e+03 1.79965625e+03
    1.61528784e+03 1.62035742e+03 1.62730627e+03 1.63854089e+03
    1.45709973e+03 1.46162463e+03 1.46698450e+03 1.47367224e+03
    1.30208716e+03 1.30699133e+03 1.31253345e+03 1.31754065e+03
    1.13690051e+03 1.14198279e+03 1.14666174e+03 1.15060339e+03
    9.82693237e+02 9.87571533e+02 9.90277100e+02 9.91511963e+02
    8.14296875e+02 8.20848999e+02 8.24404785e+02 8.24705688e+02
    6.56727600e+02 6.62104004e+02 6.62511658e+02 6.60127808e+02
    4.91372803e+02 4.96737244e+02 4.98745056e+02 4.97093079e+02
    4.67347168e+02 7.68935120e+02 1.06609155e+03 1.37244653e+03
    6.19519653e+02 9.20210571e+02 1.22294629e+03 1.52510156e+03
    4.77047882e+02 7.76789978e+02 1.07045227e+03 1.37415173e+03
    6.28972168e+02 9.26598511e+02 1.22529541e+03 1.52519800e+03
    4.86372620e+02 7.84019409e+02 1.07485339e+03 1.37563416e+03
    6.35690369e+02 9.31533447e+02 1.23009155e+03 1.52744946e+03
    4.91901062e+02 7.89019409e+02 1.07958826e+03 1.38077795e+03
    6.39810608e+02 9.36866211e+02 1.23537830e+03 1.53450366e+03
    4.94156738e+02 7.92938782e+02 1.08568701e+03 1.38880884e+03
    6.41458557e+02 9.41727722e+02 1.24340271e+03 1.54509192e+03
    4.94084900e+02 7.95574829e+02 1.09244214e+03 1.39855493e+03</data></displayPoints>
<image_points type_id="opencv-matrix">
  <rows>2</rows>
  <cols>44</cols>
  <dt>f</dt>
  <data>
    1.10051178e+02 1.10051178e+02 1.10051178e+02 1.10051178e+02
    1.39425369e+02 1.39425369e+02 1.39425369e+02 1.39425369e+02
    1.68799561e+02 1.68799561e+02 1.68799561e+02 1.68799561e+02
    1.98173737e+02 1.98173737e+02 1.98173737e+02 1.98173737e+02
    2.27547928e+02 2.27547928e+02 2.27547928e+02 2.27547928e+02
    2.56922119e+02 2.56922119e+02 2.56922119e+02 2.56922119e+02
    2.86296295e+02 2.86296295e+02 2.86296295e+02 2.86296295e+02
    3.15670502e+02 3.15670502e+02 3.15670502e+02 3.15670502e+02
    3.45044678e+02 3.45044678e+02 3.45044678e+02 3.45044678e+02
    3.74418884e+02 3.74418884e+02 3.74418884e+02 3.74418884e+02
    4.03793091e+02 4.03793091e+02 4.03793091e+02 4.03793091e+02
    6.07280579e+01 1.15328056e+02 1.69928055e+02 2.24528046e+02
    8.80280609e+01 1.42628052e+02 1.97228058e+02 2.51828049e+02
    6.07280579e+01 1.15328056e+02 1.69928055e+02 2.24528046e+02
    8.80280609e+01 1.42628052e+02 1.97228058e+02 2.51828049e+02
    6.07280579e+01 1.15328056e+02 1.69928055e+02 2.24528046e+02
    8.80280609e+01 1.42628052e+02 1.97228058e+02 2.51828049e+02
    6.07280579e+01 1.15328056e+02 1.69928055e+02 2.24528046e+02
    8.80280609e+01 1.42628052e+02 1.97228058e+02 2.51828049e+02
    6.07280579e+01 1.15328056e+02 1.69928055e+02 2.24528046e+02
    8.80280609e+01 1.42628052e+02 1.97228058e+02 2.51828049e+02
    6.07280579e+01 1.15328056e+02 1.69928055e+02 2.24528046e+02</data></image_points>
<dHi type_id="opencv-matrix">
  <rows>3</rows>
  <cols>3</cols>
  <dt>d</dt>
  <data>
    -5.4332542694176595e+00 -1.2448405936955696e-03
    2.6869888812730937e+03 8.7831915502927335e-02 5.3382582733300223e+00
    1.3713531294842764e+02 -5.6516344802219668e-07
    -7.2832576398674189e-05 1.</data></dHi>
<displayPoints_reprojection_error>3.8771864427731160e+00</displayPoints_reprojection_error>
</opencv_storage>
