<?xml version="1.0"?>
<opencv_storage>
<displayPoints type_id="opencv-matrix">
  <rows>2</rows>
  <cols>28</cols>
  <dt>f</dt>
  <data>
    1.52111768e+03 1.51556421e+03 1.50996680e+03 1.50577380e+03
    1.29322998e+03 1.28792896e+03 1.28321130e+03 1.27865308e+03
    1.06169031e+03 1.05704553e+03 1.05267554e+03 1.04757312e+03
    8.43719421e+02 8.39815674e+02 8.35165894e+02 8.29272339e+02
    6.15976379e+02 6.14044739e+02 6.09979980e+02 6.04331848e+02
    3.90451996e+02 3.87695251e+02 3.82967010e+02 3.75881683e+02
    1.61812958e+02 1.58976669e+02 1.55807816e+02 1.49874695e+02
    1.97683655e+02 6.18309814e+02 1.03579785e+03 1.45320618e+03
    4.06698608e+02 8.25192139e+02 1.24141626e+03 1.65980615e+03
    1.92345032e+02 6.13817871e+02 1.03114771e+03 1.44768848e+03
    4.01151947e+02 8.20125183e+02 1.23726917e+03 1.65570239e+03
    1.85574463e+02 6.08063538e+02 1.02624976e+03 1.44425208e+03
    3.93086670e+02 8.14457397e+02 1.23343286e+03 1.65322607e+03
    1.77809616e+02 6.00265015e+02 1.02113599e+03 1.44181580e+03</data></displayPoints>
<image_points type_id="opencv-matrix">
  <rows>2</rows>
  <cols>28</cols>
  <dt>f</dt>
  <data>
    4.69954834e+02 4.69954834e+02 4.69954834e+02 4.69954834e+02
    4.92550354e+02 4.92550354e+02 4.92550354e+02 4.92550354e+02
    5.15145874e+02 5.15145874e+02 5.15145874e+02 5.15145874e+02
    5.37741455e+02 5.37741455e+02 5.37741455e+02 5.37741455e+02
    5.60336975e+02 5.60336975e+02 5.60336975e+02 5.60336975e+02
    5.82932495e+02 5.82932495e+02 5.82932495e+02 5.82932495e+02
    6.05528015e+02 6.05528015e+02 6.05528015e+02 6.05528015e+02
    2.40486786e+02 2.82486786e+02 3.24486786e+02 3.66486786e+02
    2.61486786e+02 3.03486786e+02 3.45486786e+02 3.87486786e+02
    2.40486786e+02 2.82486786e+02 3.24486786e+02 3.66486786e+02
    2.61486786e+02 3.03486786e+02 3.45486786e+02 3.87486786e+02
    2.40486786e+02 2.82486786e+02 3.24486786e+02 3.66486786e+02
    2.61486786e+02 3.03486786e+02 3.45486786e+02 3.87486786e+02
    2.40486786e+02 2.82486786e+02 3.24486786e+02 3.66486786e+02</data></image_points>
<dHi type_id="opencv-matrix">
  <rows>3</rows>
  <cols>3</cols>
  <dt>d</dt>
  <data>
    -9.9053385496129955e+00 -7.6978893227546086e-02
    6.1769833894226176e+03 -1.4524492550687970e-01
    9.8955054223960772e+00 -2.1147625144821036e+03
    -3.6085689695005410e-05 2.7735288783022639e-05 1.</data></dHi>
<displayPoints_reprojection_error>3.3260237621399877e+00</displayPoints_reprojection_error>
</opencv_storage>
