<?xml version="1.0"?>
<opencv_storage>
<displayPoints type_id="opencv-matrix">
  <rows>2</rows>
  <cols>44</cols>
  <dt>f</dt>
  <data>
    1.83061475e+03 1.82939600e+03 1.82834155e+03 1.82829248e+03
    1.65594702e+03 1.65320630e+03 1.65136853e+03 1.65064648e+03
    1.48778711e+03 1.48322241e+03 1.47989868e+03 1.47727295e+03
    1.32056250e+03 1.31589417e+03 1.31183508e+03 1.30830066e+03
    1.15590466e+03 1.14971472e+03 1.14413916e+03 1.13860828e+03
    9.89904541e+02 9.82842773e+02 9.76080933e+02 9.69365723e+02
    8.25851807e+02 8.18252930e+02 8.10197632e+02 8.02082642e+02
    6.57742310e+02 6.49033142e+02 6.39767517e+02 6.29662231e+02
    5.02378052e+02 4.94406281e+02 4.84285156e+02 4.72895325e+02
    3.32445129e+02 3.21719910e+02 3.10029480e+02 2.96564606e+02
    1.72452927e+02 1.60850494e+02 1.48102890e+02 1.34181244e+02
    3.16812256e+02 6.21217041e+02 9.35049805e+02 1.25380920e+03
    4.66784424e+02 7.77717163e+02 1.09228552e+03 1.40683484e+03
    3.14032257e+02 6.17262451e+02 9.28376709e+02 1.24411694e+03
    4.64126648e+02 7.72497681e+02 1.08430481e+03 1.39624658e+03
    3.12603455e+02 6.13041687e+02 9.21795288e+02 1.23525879e+03
    4.61010925e+02 7.66814514e+02 1.07704297e+03 1.38663318e+03
    3.09676025e+02 6.08771790e+02 9.15372314e+02 1.22716638e+03
    4.56585510e+02 7.61123352e+02 1.06971191e+03 1.37817395e+03
    3.05769745e+02 6.03528076e+02 9.09330933e+02 1.21955627e+03
    4.51695068e+02 7.55396912e+02 1.06322913e+03 1.37088831e+03
    3.01167389e+02 5.97837097e+02 9.03196472e+02 1.21304211e+03</data></displayPoints>
<image_points type_id="opencv-matrix">
  <rows>2</rows>
  <cols>44</cols>
  <dt>f</dt>
  <data>
    4.80236389e+02 4.80236389e+02 4.80236389e+02 4.80236389e+02
    5.11870117e+02 5.11870117e+02 5.11870117e+02 5.11870117e+02
    5.43503845e+02 5.43503845e+02 5.43503845e+02 5.43503845e+02
    5.75137634e+02 5.75137634e+02 5.75137634e+02 5.75137634e+02
    6.06771362e+02 6.06771362e+02 6.06771362e+02 6.06771362e+02
    6.38405090e+02 6.38405090e+02 6.38405090e+02 6.38405090e+02
    6.70038818e+02 6.70038818e+02 6.70038818e+02 6.70038818e+02
    7.01672607e+02 7.01672607e+02 7.01672607e+02 7.01672607e+02
    7.33306335e+02 7.33306335e+02 7.33306335e+02 7.33306335e+02
    7.64940063e+02 7.64940063e+02 7.64940063e+02 7.64940063e+02
    7.96573792e+02 7.96573792e+02 7.96573792e+02 7.96573792e+02
    7.55338135e+01 1.34333817e+02 1.93133820e+02 2.51933807e+02
    1.04933815e+02 1.63733810e+02 2.22533813e+02 2.81333801e+02
    7.55338135e+01 1.34333817e+02 1.93133820e+02 2.51933807e+02
    1.04933815e+02 1.63733810e+02 2.22533813e+02 2.81333801e+02
    7.55338135e+01 1.34333817e+02 1.93133820e+02 2.51933807e+02
    1.04933815e+02 1.63733810e+02 2.22533813e+02 2.81333801e+02
    7.55338135e+01 1.34333817e+02 1.93133820e+02 2.51933807e+02
    1.04933815e+02 1.63733810e+02 2.22533813e+02 2.81333801e+02
    7.55338135e+01 1.34333817e+02 1.93133820e+02 2.51933807e+02
    1.04933815e+02 1.63733810e+02 2.22533813e+02 2.81333801e+02
    7.55338135e+01 1.34333817e+02 1.93133820e+02 2.51933807e+02</data></image_points>
<dHi type_id="opencv-matrix">
  <rows>3</rows>
  <cols>3</cols>
  <dt>d</dt>
  <data>
    -5.3677639348470265e+00 -2.4095230933965425e-01
    4.4798994097357072e+03 -2.6159852754963533e-02
    5.3068647939910214e+00 -6.1311234285027638e+01
    8.3951321607209163e-05 -1.2406056105526098e-04 1.</data></dHi>
<displayPoints_reprojection_error>2.8015987877099731e+00</displayPoints_reprojection_error>
</opencv_storage>
