<?xml version="1.0"?>
<opencv_storage>
<displayPoints type_id="opencv-matrix">
  <rows>2</rows>
  <cols>44</cols>
  <dt>f</dt>
  <data>
    2.30793091e+03 2.32316895e+03 2.33718970e+03 2.35030249e+03
    2.11542651e+03 2.12537158e+03 2.13990674e+03 2.15444507e+03
    1.90979993e+03 1.91527698e+03 1.92524731e+03 1.94096021e+03
    1.70377490e+03 1.70960034e+03 1.72012622e+03 1.73594751e+03
    1.50533862e+03 1.50913770e+03 1.51528149e+03 1.52439978e+03
    1.31037219e+03 1.31457605e+03 1.31969800e+03 1.32522986e+03
    1.10456067e+03 1.10916785e+03 1.11181934e+03 1.11293542e+03
    9.09019409e+02 9.12082764e+02 9.11249268e+02 9.07252319e+02
    6.98113708e+02 7.02431946e+02 7.01604553e+02 6.95416138e+02
    4.96976868e+02 4.96579346e+02 4.90961487e+02 4.84469116e+02
    2.95789459e+02 2.91193665e+02 2.86419312e+02 2.80664215e+02
    3.71569153e+02 7.45609497e+02 1.11991858e+03 1.50848181e+03
    5.56847534e+02 9.34646240e+02 1.31921130e+03 1.70463098e+03
    3.77145020e+02 7.52645203e+02 1.12334570e+03 1.51195227e+03
    5.66689148e+02 9.40180176e+02 1.31943005e+03 1.70702222e+03
    3.87025330e+02 7.60019104e+02 1.12611389e+03 1.51085059e+03
    5.73566284e+02 9.44612671e+02 1.32139124e+03 1.70850610e+03
    3.91464478e+02 7.64509583e+02 1.13027563e+03 1.51495605e+03
    5.75751404e+02 9.48615845e+02 1.32741235e+03 1.71563708e+03
    3.90482483e+02 7.66100403e+02 1.13653748e+03 1.52482812e+03
    5.73973999e+02 9.52415161e+02 1.33710071e+03 1.72443384e+03
    3.90868378e+02 7.66831543e+02 1.14284229e+03 1.53273145e+03</data></displayPoints>
<image_points type_id="opencv-matrix">
  <rows>2</rows>
  <cols>44</cols>
  <dt>f</dt>
  <data>
    1.00568298e+02 1.00568298e+02 1.00568298e+02 1.00568298e+02
    1.29942490e+02 1.29942490e+02 1.29942490e+02 1.29942490e+02
    1.59316681e+02 1.59316681e+02 1.59316681e+02 1.59316681e+02
    1.88690857e+02 1.88690857e+02 1.88690857e+02 1.88690857e+02
    2.18065048e+02 2.18065048e+02 2.18065048e+02 2.18065048e+02
    2.47439255e+02 2.47439255e+02 2.47439255e+02 2.47439255e+02
    2.76813416e+02 2.76813416e+02 2.76813416e+02 2.76813416e+02
    3.06187622e+02 3.06187622e+02 3.06187622e+02 3.06187622e+02
    3.35561798e+02 3.35561798e+02 3.35561798e+02 3.35561798e+02
    3.64936005e+02 3.64936005e+02 3.64936005e+02 3.64936005e+02
    3.94310211e+02 3.94310211e+02 3.94310211e+02 3.94310211e+02
    2.00014679e+02 2.54614685e+02 3.09214661e+02 3.63814667e+02
    2.27314682e+02 2.81914673e+02 3.36514679e+02 3.91114685e+02
    2.00014679e+02 2.54614685e+02 3.09214661e+02 3.63814667e+02
    2.27314682e+02 2.81914673e+02 3.36514679e+02 3.91114685e+02
    2.00014679e+02 2.54614685e+02 3.09214661e+02 3.63814667e+02
    2.27314682e+02 2.81914673e+02 3.36514679e+02 3.91114685e+02
    2.00014679e+02 2.54614685e+02 3.09214661e+02 3.63814667e+02
    2.27314682e+02 2.81914673e+02 3.36514679e+02 3.91114685e+02
    2.00014679e+02 2.54614685e+02 3.09214661e+02 3.63814667e+02
    2.27314682e+02 2.81914673e+02 3.36514679e+02 3.91114685e+02
    2.00014679e+02 2.54614685e+02 3.09214661e+02 3.63814667e+02</data></image_points>
<dHi type_id="opencv-matrix">
  <rows>3</rows>
  <cols>3</cols>
  <dt>d</dt>
  <data>
    -6.6050937822224158e+00 -1.3638569897094180e-01
    2.9178840754716330e+03 5.4860170819691453e-02 6.3939554317761012e+00
    -9.2088854211507532e+02 -1.6034816222054391e-05
    -1.6706842904300838e-04 1.</data></dHi>
<displayPoints_reprojection_error>4.7388191657472793e+00</displayPoints_reprojection_error>
</opencv_storage>
