<?xml version="1.0"?>
<opencv_storage>
<displayPoints type_id="opencv-matrix">
  <rows>2</rows>
  <cols>44</cols>
  <dt>f</dt>
  <data>
    1.77533203e+03 1.77510168e+03 1.77373657e+03 1.77254492e+03
    1.60455505e+03 1.60293787e+03 1.60155786e+03 1.60061499e+03
    1.43983191e+03 1.43844775e+03 1.43677539e+03 1.43577881e+03
    1.27408704e+03 1.27263806e+03 1.27166309e+03 1.27048828e+03
    1.10344238e+03 1.10254626e+03 1.10163660e+03 1.10049707e+03
    9.38124878e+02 9.37448242e+02 9.36519104e+02 9.35599915e+02
    7.73181030e+02 7.72793091e+02 7.72445068e+02 7.71862427e+02
    6.03646484e+02 6.03708618e+02 6.03212769e+02 6.02454590e+02
    4.39031891e+02 4.39084259e+02 4.39002197e+02 4.38682678e+02
    2.68137421e+02 2.68110199e+02 2.68017609e+02 2.67288300e+02
    1.04884621e+02 1.03393906e+02 1.03107391e+02 1.03065826e+02
    2.70181396e+02 5.77236023e+02 8.90128540e+02 1.19701868e+03
    4.23315796e+02 7.30846558e+02 1.04323840e+03 1.35520520e+03
    2.69034729e+02 5.77313599e+02 8.89817993e+02 1.19577283e+03
    4.23340515e+02 7.30666504e+02 1.04264014e+03 1.35384717e+03
    2.68311035e+02 5.76879944e+02 8.89239868e+02 1.19498462e+03
    4.22694092e+02 7.30032654e+02 1.04199915e+03 1.35277417e+03
    2.67743103e+02 5.76011230e+02 8.88264526e+02 1.19408899e+03
    4.21329041e+02 7.28898987e+02 1.04070886e+03 1.35200354e+03
    2.66586975e+02 5.74473206e+02 8.87235962e+02 1.19316077e+03
    4.19898987e+02 7.27153931e+02 1.03955981e+03 1.35120593e+03
    2.66897614e+02 5.73054443e+02 8.85735840e+02 1.19187610e+03</data></displayPoints>
<image_points type_id="opencv-matrix">
  <rows>2</rows>
  <cols>44</cols>
  <dt>f</dt>
  <data>
    4.80236389e+02 4.80236389e+02 4.80236389e+02 4.80236389e+02
    5.09610565e+02 5.09610565e+02 5.09610565e+02 5.09610565e+02
    5.38984741e+02 5.38984741e+02 5.38984741e+02 5.38984741e+02
    5.68358948e+02 5.68358948e+02 5.68358948e+02 5.68358948e+02
    5.97733154e+02 5.97733154e+02 5.97733154e+02 5.97733154e+02
    6.27107361e+02 6.27107361e+02 6.27107361e+02 6.27107361e+02
    6.56481506e+02 6.56481506e+02 6.56481506e+02 6.56481506e+02
    6.85855713e+02 6.85855713e+02 6.85855713e+02 6.85855713e+02
    7.15229919e+02 7.15229919e+02 7.15229919e+02 7.15229919e+02
    7.44604065e+02 7.44604065e+02 7.44604065e+02 7.44604065e+02
    7.73978271e+02 7.73978271e+02 7.73978271e+02 7.73978271e+02
    1.10533813e+02 1.65133820e+02 2.19733810e+02 2.74333801e+02
    1.37833817e+02 1.92433807e+02 2.47033813e+02 3.01633789e+02
    1.10533813e+02 1.65133820e+02 2.19733810e+02 2.74333801e+02
    1.37833817e+02 1.92433807e+02 2.47033813e+02 3.01633789e+02
    1.10533813e+02 1.65133820e+02 2.19733810e+02 2.74333801e+02
    1.37833817e+02 1.92433807e+02 2.47033813e+02 3.01633789e+02
    1.10533813e+02 1.65133820e+02 2.19733810e+02 2.74333801e+02
    1.37833817e+02 1.92433807e+02 2.47033813e+02 3.01633789e+02
    1.10533813e+02 1.65133820e+02 2.19733810e+02 2.74333801e+02
    1.37833817e+02 1.92433807e+02 2.47033813e+02 3.01633789e+02
    1.10533813e+02 1.65133820e+02 2.19733810e+02 2.74333801e+02</data></image_points>
<dHi type_id="opencv-matrix">
  <rows>3</rows>
  <cols>3</cols>
  <dt>d</dt>
  <data>
    -5.6907193719833229e+00 -1.5501171925391008e-02
    4.5113654080861652e+03 -1.2231241286571175e-02
    5.6874088377724403e+00 -3.5332133584066020e+02
    3.5726454075937434e-06 7.3420957092461554e-07 1.</data></dHi>
<displayPoints_reprojection_error>2.2556191485986967e+00</displayPoints_reprojection_error>
</opencv_storage>
