<?xml version="1.0"?>
<opencv_storage>
<displayPoints type_id="opencv-matrix">
  <rows>2</rows>
  <cols>44</cols>
  <dt>f</dt>
  <data>
    2.24763916e+03 2.25076074e+03 2.25277856e+03 2.25484033e+03
    2.05406055e+03 2.05517993e+03 2.05742139e+03 2.06014453e+03
    1.85015039e+03 1.85060046e+03 1.85212109e+03 1.85471265e+03
    1.65454077e+03 1.65504443e+03 1.65677295e+03 1.65949146e+03
    1.45390686e+03 1.45399585e+03 1.45519055e+03 1.45674500e+03
    1.25931860e+03 1.25968799e+03 1.26084985e+03 1.26239856e+03
    1.06508569e+03 1.06604590e+03 1.06697119e+03 1.06780444e+03
    8.64138184e+02 8.65674561e+02 8.66032593e+02 8.65113403e+02
    6.68002869e+02 6.69378052e+02 6.70746826e+02 6.69470520e+02
    4.73166748e+02 4.73684937e+02 4.73474609e+02 4.72138977e+02
    2.71884369e+02 2.70500763e+02 2.70152893e+02 2.70055756e+02
    2.80008301e+02 6.41716797e+02 1.01142712e+03 1.38284082e+03
    4.60684265e+02 8.30398682e+02 1.19399219e+03 1.56588257e+03
    2.80336609e+02 6.43019836e+02 1.01232727e+03 1.38317700e+03
    4.62772156e+02 8.31789795e+02 1.19377222e+03 1.56602588e+03
    2.82280487e+02 6.44973328e+02 1.01301013e+03 1.38228735e+03
    4.64663574e+02 8.32861084e+02 1.19453113e+03 1.56612134e+03
    2.83718353e+02 6.46422424e+02 1.01416821e+03 1.38379761e+03
    4.65343231e+02 8.33975586e+02 1.19597534e+03 1.56827002e+03
    2.83735962e+02 6.46664246e+02 1.01559314e+03 1.38653259e+03
    4.65283936e+02 8.35082336e+02 1.19858984e+03 1.57109668e+03
    2.85420532e+02 6.47421570e+02 1.01761243e+03 1.38926355e+03</data></displayPoints>
<image_points type_id="opencv-matrix">
  <rows>2</rows>
  <cols>44</cols>
  <dt>f</dt>
  <data>
    1.10051178e+02 1.10051178e+02 1.10051178e+02 1.10051178e+02
    1.39425369e+02 1.39425369e+02 1.39425369e+02 1.39425369e+02
    1.68799561e+02 1.68799561e+02 1.68799561e+02 1.68799561e+02
    1.98173737e+02 1.98173737e+02 1.98173737e+02 1.98173737e+02
    2.27547928e+02 2.27547928e+02 2.27547928e+02 2.27547928e+02
    2.56922119e+02 2.56922119e+02 2.56922119e+02 2.56922119e+02
    2.86296295e+02 2.86296295e+02 2.86296295e+02 2.86296295e+02
    3.15670502e+02 3.15670502e+02 3.15670502e+02 3.15670502e+02
    3.45044678e+02 3.45044678e+02 3.45044678e+02 3.45044678e+02
    3.74418884e+02 3.74418884e+02 3.74418884e+02 3.74418884e+02
    4.03793091e+02 4.03793091e+02 4.03793091e+02 4.03793091e+02
    7.07280579e+01 1.25328056e+02 1.79928055e+02 2.34528046e+02
    9.80280609e+01 1.52628052e+02 2.07228058e+02 2.61828064e+02
    7.07280579e+01 1.25328056e+02 1.79928055e+02 2.34528046e+02
    9.80280609e+01 1.52628052e+02 2.07228058e+02 2.61828064e+02
    7.07280579e+01 1.25328056e+02 1.79928055e+02 2.34528046e+02
    9.80280609e+01 1.52628052e+02 2.07228058e+02 2.61828064e+02
    7.07280579e+01 1.25328056e+02 1.79928055e+02 2.34528046e+02
    9.80280609e+01 1.52628052e+02 2.07228058e+02 2.61828064e+02
    7.07280579e+01 1.25328056e+02 1.79928055e+02 2.34528046e+02
    9.80280609e+01 1.52628052e+02 2.07228058e+02 2.61828064e+02
    7.07280579e+01 1.25328056e+02 1.79928055e+02 2.34528046e+02</data></image_points>
<dHi type_id="opencv-matrix">
  <rows>3</rows>
  <cols>3</cols>
  <dt>d</dt>
  <data>
    -6.7012990300500652e+00 -2.1678933221299913e-02
    2.9820995473344733e+03 2.7112538316369117e-02 6.6763319821213187e+00
    -1.9788559672701038e+02 7.8518545247774305e-06
    -3.2752585760383267e-05 1.</data></dHi>
<displayPoints_reprojection_error>3.0373729713765902e+00</displayPoints_reprojection_error>
</opencv_storage>
