<?xml version="1.0"?>
<opencv_storage>
<displayPoints type_id="opencv-matrix">
  <rows>2</rows>
  <cols>44</cols>
  <dt>f</dt>
  <data>
    2.36051392e+03 2.37213013e+03 2.37848901e+03 2.38129639e+03
    2.14411865e+03 2.15050146e+03 2.15573584e+03 2.15817017e+03
    1.91626367e+03 1.92203955e+03 1.92671826e+03 1.93230884e+03
    1.68549194e+03 1.68970215e+03 1.69471973e+03 1.70027856e+03
    1.45780127e+03 1.46213672e+03 1.46681104e+03 1.47195349e+03
    1.23195361e+03 1.23593542e+03 1.24050061e+03 1.24588513e+03
    1.00473560e+03 1.00848315e+03 1.01261182e+03 1.01733893e+03
    7.73953369e+02 7.78193115e+02 7.81985718e+02 7.86137939e+02
    5.52506775e+02 5.55102783e+02 5.58634644e+02 5.62956787e+02
    3.24230804e+02 3.26179688e+02 3.30041595e+02 3.37732513e+02
    1.08714294e+02 1.04497345e+02 1.06484909e+02 1.14019226e+02
    2.25557709e+02 6.39327515e+02 1.05806519e+03 1.48374487e+03
    4.31098663e+02 8.50621460e+02 1.27823926e+03 1.69714868e+03
    2.24229614e+02 6.42974609e+02 1.06360962e+03 1.49200452e+03
    4.35799377e+02 8.55956055e+02 1.28371082e+03 1.70528833e+03
    2.28878326e+02 6.48562134e+02 1.06867102e+03 1.49652625e+03
    4.41369568e+02 8.61129456e+02 1.28844592e+03 1.70985828e+03
    2.33782318e+02 6.53677795e+02 1.07336401e+03 1.50093884e+03
    4.46035156e+02 8.65905273e+02 1.29298010e+03 1.71388574e+03
    2.39448456e+02 6.58182739e+02 1.07805469e+03 1.50553271e+03
    4.51715820e+02 8.70305969e+02 1.29733911e+03 1.71469666e+03
    2.51638138e+02 6.64103699e+02 1.08208447e+03 1.50577393e+03</data></displayPoints>
<image_points type_id="opencv-matrix">
  <rows>2</rows>
  <cols>44</cols>
  <dt>f</dt>
  <data>
    1.00568298e+02 1.00568298e+02 1.00568298e+02 1.00568298e+02
    1.33105865e+02 1.33105865e+02 1.33105865e+02 1.33105865e+02
    1.65643433e+02 1.65643433e+02 1.65643433e+02 1.65643433e+02
    1.98181000e+02 1.98181000e+02 1.98181000e+02 1.98181000e+02
    2.30718567e+02 2.30718567e+02 2.30718567e+02 2.30718567e+02
    2.63256134e+02 2.63256134e+02 2.63256134e+02 2.63256134e+02
    2.95793701e+02 2.95793701e+02 2.95793701e+02 2.95793701e+02
    3.28331268e+02 3.28331268e+02 3.28331268e+02 3.28331268e+02
    3.60868835e+02 3.60868835e+02 3.60868835e+02 3.60868835e+02
    3.93406372e+02 3.93406372e+02 3.93406372e+02 3.93406372e+02
    4.25943970e+02 4.25943970e+02 4.25943970e+02 4.25943970e+02
    6.00146790e+01 1.20494682e+02 1.80974686e+02 2.41454681e+02
    9.02546844e+01 1.50734680e+02 2.11214691e+02 2.71694702e+02
    6.00146790e+01 1.20494682e+02 1.80974686e+02 2.41454681e+02
    9.02546844e+01 1.50734680e+02 2.11214691e+02 2.71694702e+02
    6.00146790e+01 1.20494682e+02 1.80974686e+02 2.41454681e+02
    9.02546844e+01 1.50734680e+02 2.11214691e+02 2.71694702e+02
    6.00146790e+01 1.20494682e+02 1.80974686e+02 2.41454681e+02
    9.02546844e+01 1.50734680e+02 2.11214691e+02 2.71694702e+02
    6.00146790e+01 1.20494682e+02 1.80974686e+02 2.41454681e+02
    9.02546844e+01 1.50734680e+02 2.11214691e+02 2.71694702e+02
    6.00146790e+01 1.20494682e+02 1.80974686e+02 2.41454681e+02</data></image_points>
<dHi type_id="opencv-matrix">
  <rows>3</rows>
  <cols>3</cols>
  <dt>d</dt>
  <data>
    -6.9537339898333004e+00 2.4831616971474242e-02
    3.0630902173103455e+03 9.1452563415663060e-02 6.9336251358109786e+00
    -2.0738098980223913e+02 1.8356461425417005e-05
    -3.5743038447663801e-05 1.</data></dHi>
<displayPoints_reprojection_error>3.9620222247954007e+00</displayPoints_reprojection_error>
</opencv_storage>
