<?xml version="1.0"?>
<opencv_storage>
<displayPoints type_id="opencv-matrix">
  <rows>2</rows>
  <cols>44</cols>
  <dt>f</dt>
  <data>
    1.81061938e+03 1.80790625e+03 1.80448950e+03 1.80125867e+03
    1.63623169e+03 1.63260010e+03 1.62981982e+03 1.62708276e+03
    1.47070728e+03 1.46726794e+03 1.46425439e+03 1.46194946e+03
    1.30216650e+03 1.29950806e+03 1.29724988e+03 1.29488367e+03
    1.13089099e+03 1.12871667e+03 1.12671362e+03 1.12440369e+03
    9.63866211e+02 9.62160156e+02 9.59991760e+02 9.57626343e+02
    7.98408142e+02 7.97282715e+02 7.95661255e+02 7.93501953e+02
    6.25751892e+02 6.24837341e+02 6.23263916e+02 6.20745972e+02
    4.59735260e+02 4.59189026e+02 4.58237366e+02 4.56127502e+02
    2.87050812e+02 2.86426331e+02 2.87020477e+02 2.85169434e+02
    1.23334717e+02 1.22041504e+02 1.21212265e+02 1.20180191e+02
    3.46595428e+02 6.56862305e+02 9.72293518e+02 1.28121887e+03
    5.00482605e+02 8.10602295e+02 1.12498694e+03 1.43934363e+03
    3.44424103e+02 6.55049011e+02 9.69462280e+02 1.27765552e+03
    4.99460541e+02 8.08431763e+02 1.12205127e+03 1.43606934e+03
    3.43129181e+02 6.53156982e+02 9.66785339e+02 1.27454211e+03
    4.97633911e+02 8.06005981e+02 1.11936816e+03 1.43287158e+03
    3.41144531e+02 6.51081055e+02 9.64400940e+02 1.27200586e+03
    4.95295349e+02 8.03967529e+02 1.11731665e+03 1.43063086e+03
    3.38972687e+02 6.48746948e+02 9.62621704e+02 1.27033728e+03
    4.93046021e+02 8.01999146e+02 1.11569031e+03 1.42910291e+03
    3.37981445e+02 6.46633057e+02 9.60873169e+02 1.26860938e+03</data></displayPoints>
<image_points type_id="opencv-matrix">
  <rows>2</rows>
  <cols>44</cols>
  <dt>f</dt>
  <data>
    1.20236389e+02 1.20236389e+02 1.20236389e+02 1.20236389e+02
    1.49610580e+02 1.49610580e+02 1.49610580e+02 1.49610580e+02
    1.78984772e+02 1.78984772e+02 1.78984772e+02 1.78984772e+02
    2.08358948e+02 2.08358948e+02 2.08358948e+02 2.08358948e+02
    2.37733139e+02 2.37733139e+02 2.37733139e+02 2.37733139e+02
    2.67107330e+02 2.67107330e+02 2.67107330e+02 2.67107330e+02
    2.96481506e+02 2.96481506e+02 2.96481506e+02 2.96481506e+02
    3.25855713e+02 3.25855713e+02 3.25855713e+02 3.25855713e+02
    3.55229889e+02 3.55229889e+02 3.55229889e+02 3.55229889e+02
    3.84604095e+02 3.84604095e+02 3.84604095e+02 3.84604095e+02
    4.13978302e+02 4.13978302e+02 4.13978302e+02 4.13978302e+02
    1.30533813e+02 1.85133820e+02 2.39733810e+02 2.94333801e+02
    1.57833817e+02 2.12433807e+02 2.67033813e+02 3.21633789e+02
    1.30533813e+02 1.85133820e+02 2.39733810e+02 2.94333801e+02
    1.57833817e+02 2.12433807e+02 2.67033813e+02 3.21633789e+02
    1.30533813e+02 1.85133820e+02 2.39733810e+02 2.94333801e+02
    1.57833817e+02 2.12433807e+02 2.67033813e+02 3.21633789e+02
    1.30533813e+02 1.85133820e+02 2.39733810e+02 2.94333801e+02
    1.57833817e+02 2.12433807e+02 2.67033813e+02 3.21633789e+02
    1.30533813e+02 1.85133820e+02 2.39733810e+02 2.94333801e+02
    1.57833817e+02 2.12433807e+02 2.67033813e+02 3.21633789e+02
    1.30533813e+02 1.85133820e+02 2.39733810e+02 2.94333801e+02</data></image_points>
<dHi type_id="opencv-matrix">
  <rows>3</rows>
  <cols>3</cols>
  <dt>d</dt>
  <data>
    -5.7480832978645937e+00 -2.7253430631437814e-02
    2.5075946826450199e+03 -2.9080821857749739e-02
    5.7472637961080073e+00 -4.0028416892157719e+02
    9.6316965996357538e-06 1.1937115361922610e-05 1.</data></dHi>
<displayPoints_reprojection_error>2.4453382551243719e+00</displayPoints_reprojection_error>
</opencv_storage>
