<?xml version="1.0"?>
<opencv_storage>
<OFFSET_X>4.8023638916015625e+02</OFFSET_X>
<OFFSET_Y>1.1053381347656250e+02</OFFSET_Y>
<escala>0.65</escala>
</opencv_storage>
