<?xml version="1.0"?>
<opencv_storage>
<OFFSET_X>4.8023638916015625e+02</OFFSET_X>
<OFFSET_Y>0.7553381347656250e+02</OFFSET_Y>
<escala>0.7</escala>
</opencv_storage>
