<?xml version="1.0"?>
<opencv_storage>
<OFFSET_X>2.7085237503051758e+01</OFFSET_X>
<OFFSET_Y>-2.3945007324218750e+00</OFFSET_Y>
<escala>0.</escala>
</opencv_storage>
