<?xml version="1.0"?>
<opencv_storage>
<OFFSET_X>4.6054785156250000e+02</OFFSET_X>
<OFFSET_Y>0.9042263793945312e+02</OFFSET_Y>
<escala>0.7200000000000000e+00</escala>
</opencv_storage>
