<?xml version="1.0"?>
<opencv_storage>
<OFFSET_X>4.6040161132812500e+02</OFFSET_X>
<OFFSET_Y>1.8006558227539062e+02</OFFSET_Y>
<escala>0.7200000000000000e+00</escala>
</opencv_storage>
