<?xml version="1.0"?>
<opencv_storage>
<OFFSET_X>4.6995483398437500e+02</OFFSET_X>
<OFFSET_Y>2.4048678588867188e+02</OFFSET_Y>
<escala>5.0000000000000000e-01</escala>
</opencv_storage>
