<?xml version="1.0"?>
<opencv_storage>
<OFFSET_X>4.7704754638671875e+02</OFFSET_X>
<OFFSET_Y>1.0026518249511719e+02</OFFSET_Y>
<escala>5.0000000000000000e-01</escala>
</opencv_storage>
