<?xml version="1.0"?>
<opencv_storage>
<OFFSET_X>1.0056829833984375e+02</OFFSET_X>
<OFFSET_Y>0.6001467895507812e+02</OFFSET_Y>
<escala>0.7200000000000000e+00</escala>
</opencv_storage>
