<?xml version="1.0"?>
<opencv_storage>
<OFFSET_X>0.9105117797851562e+02</OFFSET_X>
<OFFSET_Y>0.6072805786132812e+02</OFFSET_Y>
<escala>0.7200000000000000e+00</escala>
</opencv_storage>
