<?xml version="1.0"?>
<opencv_storage>
<OFFSET_X>4.6056829833984375e+02</OFFSET_X>
<OFFSET_Y>2.0001467895507812e+02</OFFSET_Y>
<escala>0.650000000000000e+00</escala>
</opencv_storage>
