<?xml version="1.0"?>
<opencv_storage>
<displayPoints type_id="opencv-matrix">
  <rows>2</rows>
  <cols>44</cols>
  <dt>f</dt>
  <data>
    2.44398535e+03 2.44533301e+03 2.44077856e+03 2.43209814e+03
    2.23033911e+03 2.22580225e+03 2.21919678e+03 2.21123975e+03
    2.01348022e+03 2.00796411e+03 2.00171082e+03 1.99574438e+03
    1.78249927e+03 1.77463159e+03 1.76854028e+03 1.76540625e+03
    1.56554492e+03 1.55810205e+03 1.55185571e+03 1.54552612e+03
    1.34044519e+03 1.33364539e+03 1.32672461e+03 1.32041370e+03
    1.11412512e+03 1.10729358e+03 1.10046570e+03 1.09349280e+03
    8.88846558e+02 8.82357544e+02 8.75520020e+02 8.67940308e+02
    6.62222351e+02 6.54912354e+02 6.48307556e+02 6.40662537e+02
    4.37166748e+02 4.28906433e+02 4.21490723e+02 4.15829956e+02
    2.25880219e+02 2.12938812e+02 2.04291534e+02 1.98974426e+02
    2.09136963e+02 6.21676208e+02 1.03171570e+03 1.44916626e+03
    4.04503906e+02 8.22994385e+02 1.24275671e+03 1.65317908e+03
    1.94900452e+02 6.13685608e+02 1.02594043e+03 1.44591492e+03
    3.96794250e+02 8.16845703e+02 1.23567456e+03 1.64881519e+03
    1.87296692e+02 6.07619385e+02 1.01921765e+03 1.43823425e+03
    3.90071899e+02 8.09935547e+02 1.22915100e+03 1.64137036e+03
    1.79656372e+02 6.00280640e+02 1.01201025e+03 1.43111121e+03
    3.82428131e+02 8.02688721e+02 1.22183240e+03 1.63499438e+03
    1.72554581e+02 5.92152222e+02 1.00441248e+03 1.42491516e+03
    3.75005890e+02 7.94685608e+02 1.21527368e+03 1.62727478e+03
    1.70240631e+02 5.85241028e+02 9.97206055e+02 1.41625671e+03</data></displayPoints>
<image_points type_id="opencv-matrix">
  <rows>2</rows>
  <cols>44</cols>
  <dt>f</dt>
  <data>
    1.00568298e+02 1.00568298e+02 1.00568298e+02 1.00568298e+02
    1.29942490e+02 1.29942490e+02 1.29942490e+02 1.29942490e+02
    1.59316681e+02 1.59316681e+02 1.59316681e+02 1.59316681e+02
    1.88690857e+02 1.88690857e+02 1.88690857e+02 1.88690857e+02
    2.18065048e+02 2.18065048e+02 2.18065048e+02 2.18065048e+02
    2.47439255e+02 2.47439255e+02 2.47439255e+02 2.47439255e+02
    2.76813416e+02 2.76813416e+02 2.76813416e+02 2.76813416e+02
    3.06187622e+02 3.06187622e+02 3.06187622e+02 3.06187622e+02
    3.35561798e+02 3.35561798e+02 3.35561798e+02 3.35561798e+02
    3.64936005e+02 3.64936005e+02 3.64936005e+02 3.64936005e+02
    3.94310211e+02 3.94310211e+02 3.94310211e+02 3.94310211e+02
    2.00014679e+02 2.54614685e+02 3.09214661e+02 3.63814667e+02
    2.27314682e+02 2.81914673e+02 3.36514679e+02 3.91114685e+02
    2.00014679e+02 2.54614685e+02 3.09214661e+02 3.63814667e+02
    2.27314682e+02 2.81914673e+02 3.36514679e+02 3.91114685e+02
    2.00014679e+02 2.54614685e+02 3.09214661e+02 3.63814667e+02
    2.27314682e+02 2.81914673e+02 3.36514679e+02 3.91114685e+02
    2.00014679e+02 2.54614685e+02 3.09214661e+02 3.63814667e+02
    2.27314682e+02 2.81914673e+02 3.36514679e+02 3.91114685e+02
    2.00014679e+02 2.54614685e+02 3.09214661e+02 3.63814667e+02
    2.27314682e+02 2.81914673e+02 3.36514679e+02 3.91114685e+02
    2.00014679e+02 2.54614685e+02 3.09214661e+02 3.63814667e+02</data></image_points>
<dHi type_id="opencv-matrix">
  <rows>3</rows>
  <cols>3</cols>
  <dt>d</dt>
  <data>
    -7.5674660597283276e+00 -1.4301318282934930e-01
    3.2276074201405008e+03 -1.4102604182061121e-01
    7.5207836994209902e+00 -1.2857158564000438e+03
    -2.4579567188799166e-05 -1.8964976116047972e-05 1.</data></dHi>
<displayPoints_reprojection_error>4.3168651620929399e+00</displayPoints_reprojection_error>
</opencv_storage>
