<?xml version="1.0"?>
<opencv_storage>
<displayPoints type_id="opencv-matrix">
  <rows>2</rows>
  <cols>44</cols>
  <dt>f</dt>
  <data>
    2.35882446e+03 2.36123877e+03 2.36169434e+03 2.36061011e+03
    2.14198340e+03 2.14182666e+03 2.14148486e+03 2.14150391e+03
    1.91403540e+03 1.91289233e+03 1.91210327e+03 1.91338696e+03
    1.69309546e+03 1.69189111e+03 1.69210083e+03 1.69399829e+03
    1.46819324e+03 1.46729138e+03 1.46693750e+03 1.46790662e+03
    1.24912659e+03 1.24858362e+03 1.24911584e+03 1.24966516e+03
    1.03094910e+03 1.03189172e+03 1.03225476e+03 1.03206042e+03
    8.05105347e+02 8.07119568e+02 8.06926208e+02 8.05434082e+02
    5.85081665e+02 5.86745056e+02 5.87698120e+02 5.86684204e+02
    3.66613800e+02 3.67463898e+02 3.67687622e+02 3.67918427e+02
    1.44831223e+02 1.41827194e+02 1.41520737e+02 1.42828705e+02
    1.94502182e+02 6.00894470e+02 1.01577991e+03 1.43079492e+03
    3.96699585e+02 8.12082886e+02 1.21989294e+03 1.63484033e+03
    1.92926376e+02 6.01736816e+02 1.01592261e+03 1.43078369e+03
    3.98424927e+02 8.13344055e+02 1.21865796e+03 1.63442456e+03
    1.94471497e+02 6.03232971e+02 1.01615515e+03 1.42924817e+03
    4.00019653e+02 8.13907715e+02 1.21842432e+03 1.63357153e+03
    1.94973999e+02 6.04169067e+02 1.01603809e+03 1.42908167e+03
    3.99494507e+02 8.13920410e+02 1.21909644e+03 1.63444263e+03
    1.94618195e+02 6.03176697e+02 1.01684119e+03 1.43086877e+03
    3.98536255e+02 8.13546631e+02 1.22054382e+03 1.63523181e+03
    1.97835449e+02 6.03156128e+02 1.01729077e+03 1.43132776e+03</data></displayPoints>
<image_points type_id="opencv-matrix">
  <rows>2</rows>
  <cols>44</cols>
  <dt>f</dt>
  <data>
    1.10051178e+02 1.10051178e+02 1.10051178e+02 1.10051178e+02
    1.39425369e+02 1.39425369e+02 1.39425369e+02 1.39425369e+02
    1.68799561e+02 1.68799561e+02 1.68799561e+02 1.68799561e+02
    1.98173737e+02 1.98173737e+02 1.98173737e+02 1.98173737e+02
    2.27547928e+02 2.27547928e+02 2.27547928e+02 2.27547928e+02
    2.56922119e+02 2.56922119e+02 2.56922119e+02 2.56922119e+02
    2.86296295e+02 2.86296295e+02 2.86296295e+02 2.86296295e+02
    3.15670502e+02 3.15670502e+02 3.15670502e+02 3.15670502e+02
    3.45044678e+02 3.45044678e+02 3.45044678e+02 3.45044678e+02
    3.74418884e+02 3.74418884e+02 3.74418884e+02 3.74418884e+02
    4.03793091e+02 4.03793091e+02 4.03793091e+02 4.03793091e+02
    7.07280579e+01 1.25328056e+02 1.79928055e+02 2.34528046e+02
    9.80280609e+01 1.52628052e+02 2.07228058e+02 2.61828064e+02
    7.07280579e+01 1.25328056e+02 1.79928055e+02 2.34528046e+02
    9.80280609e+01 1.52628052e+02 2.07228058e+02 2.61828064e+02
    7.07280579e+01 1.25328056e+02 1.79928055e+02 2.34528046e+02
    9.80280609e+01 1.52628052e+02 2.07228058e+02 2.61828064e+02
    7.07280579e+01 1.25328056e+02 1.79928055e+02 2.34528046e+02
    9.80280609e+01 1.52628052e+02 2.07228058e+02 2.61828064e+02
    7.07280579e+01 1.25328056e+02 1.79928055e+02 2.34528046e+02
    9.80280609e+01 1.52628052e+02 2.07228058e+02 2.61828064e+02
    7.07280579e+01 1.25328056e+02 1.79928055e+02 2.34528046e+02</data></image_points>
<dHi type_id="opencv-matrix">
  <rows>3</rows>
  <cols>3</cols>
  <dt>d</dt>
  <data>
    -7.5455736741180424e+00 -5.5016225977940914e-03
    3.1931152550327738e+03 2.0840517071430715e-02 7.5553494357479503e+00
    -3.4530615884790154e+02 1.7099974458325057e-05
    -8.0725429342404332e-06 1.</data></dHi>
<displayPoints_reprojection_error>3.1411474900900855e+00</displayPoints_reprojection_error>
</opencv_storage>
