<?xml version="1.0"?>
<opencv_storage>
<errorx>-3.4973144531250000e-01</errorx>
<errory>1.2724914550781250e+00</errory>
<errorx>6.5380859375000000e-01</errorx>
<errory>4.2425537109375000e-01</errory>
<errorx>8.5888671875000000e-01</errorx>
<errory>-2.1740722656250000e-01</errory>
<errorx>4.5178222656250000e-01</errorx>
<errory>-6.6870117187500000e-01</errory>
<errorx>-3.3459472656250000e-01</errorx>
<errory>-4.8095703125000000e-02</errory>
<errorx>9.5007324218750000e-01</errorx>
<errory>-4.3609619140625000e-01</errory>
<errorx>-5.8471679687500000e-02</errorx>
<errory>-2.2412109375000000e-01</errory>
<errorx>-6.7907714843750000e-01</errorx>
<errory>1.2316894531250000e-01</errory>
<errorx>1.9653320312500000e-02</errorx>
<errory>3.8360595703125000e-01</errory>
<errorx>4.9169921875000000e-01</errorx>
<errory>-2.7111816406250000e-01</errory>
<errorx>7.5366210937500000e-01</errorx>
<errory>3.3752441406250000e-01</errory>
<errorx>5.1806640625000000e-01</errorx>
<errory>-1.9311523437500000e-01</errory>
<errorx>-1.7719726562500000e+00</errorx>
<errory>-4.1192626953125000e-01</errory>
<errorx>-9.1918945312500000e-01</errorx>
<errory>-5.6970214843750000e-01</errory>
<errorx>-2.3657226562500000e+00</errorx>
<errory>5.6970214843750000e-01</errory>
<errorx>-1.6812744140625000e+00</errorx>
<errory>-4.5178222656250000e-01</errory>
<errorx>-4.0209960937500000e-01</errorx>
<errory>-3.4365844726562500e-01</errory>
<errorx>-2.6409912109375000e-01</errorx>
<errory>-7.8814697265625000e-01</errory>
<errorx>-7.4096679687500000e-02</errorx>
<errory>7.7673339843750000e-01</errory>
<errorx>3.9123535156250000e-01</errorx>
<errory>-2.7514648437500000e-01</errory>
<errorx>1.8960266113281250e+00</errorx>
<errory>-3.3099365234375000e-01</errory>
<errorx>4.6707153320312500e-01</errorx>
<errory>2.4102783203125000e-01</errory>
<errorx>1.0698242187500000e+00</errorx>
<errory>2.8967285156250000e-01</errory>
<errorx>1.0500183105468750e+00</errorx>
<errory>7.4755859375000000e-01</errory>
<errorx>-3.9192199707031250e-01</errorx>
<errory>-4.1003417968750000e-01</errory>
<errorx>-1.7124938964843750e-01</errorx>
<errory>4.2803955078125000e-01</errory>
<errorx>1.6569519042968750e-01</errorx>
<errory>-1.6918945312500000e-01</errory>
<errorx>-2.8768920898437500e-01</errorx>
<errory>2.1936035156250000e-01</errory>
<corregit_x>-4.9756251974031329e-04</corregit_x>
<corregit_y>1.4196123811416328e-04</corregit_y>
<dxmax>1.8960266113281250e+00</dxmax>
<dymax>1.2724914550781250e+00</dymax>
<dxmin>-2.3657226562500000e+00</dxmin>
<dymin>-7.8814697265625000e-01</dymin>
</opencv_storage>
