<?xml version="1.0"?>
<opencv_storage>
<errorx>-1.3585205078125000e+00</errorx>
<errory>-7.7194213867187500e-01</errory>
<errorx>-3.0440673828125000e+00</errorx>
<errory>-9.3804931640625000e-01</errory>
<errorx>-3.4041748046875000e+00</errorx>
<errory>-2.2497558593750000e-01</errory>
<errorx>-2.4288330078125000e+00</errorx>
<errory>2.5671386718750000e-01</errory>
<errorx>9.2102050781250000e-01</errorx>
<errory>-5.0543212890625000e-01</errory>
<errorx>2.3493652343750000e+00</errorx>
<errory>-9.5825195312500000e-02</errory>
<errorx>1.6218261718750000e+00</errorx>
<errory>5.0573730468750000e-01</errory>
<errorx>2.0390625000000000e+00</errorx>
<errory>8.8745117187500000e-01</errory>
<errorx>2.3140869140625000e+00</errorx>
<errory>-5.6173706054687500e-01</errory>
<errorx>2.6459960937500000e+00</errorx>
<errory>-5.3942871093750000e-01</errory>
<errorx>2.5413818359375000e+00</errorx>
<errory>9.7570800781250000e-01</errory>
<errorx>2.1857910156250000e+00</errorx>
<errory>5.6494140625000000e-01</errory>
<errorx>-1.1999511718750000e-01</errorx>
<errory>-6.4477539062500000e-01</errory>
<errorx>-4.3078613281250000e-01</errorx>
<errory>7.9302978515625000e-01</errory>
<errorx>-2.5952148437500000e-01</errorx>
<errory>1.6199951171875000e+00</errory>
<errorx>2.7746582031250000e-01</errorx>
<errory>-4.3713378906250000e-01</errory>
<errorx>2.9089355468750000e-01</errorx>
<errory>-9.7747802734375000e-02</errory>
<errorx>-5.7000732421875000e-01</errorx>
<errory>-8.9477539062500000e-02</errory>
<errorx>-6.0247802734375000e-01</errorx>
<errory>9.8864746093750000e-01</errory>
<errorx>-7.8674316406250000e-02</errorx>
<errory>3.1127929687500000e-02</errory>
<errorx>-2.1355590820312500e+00</errorx>
<errory>-2.6049804687500000e-01</errory>
<errorx>-2.5432128906250000e+00</errorx>
<errory>4.1674804687500000e-01</errory>
<errorx>-2.4820556640625000e+00</errorx>
<errory>2.5415039062500000e-01</errory>
<errorx>-8.9184570312500000e-01</errorx>
<errory>-1.7510986328125000e+00</errory>
<errorx>1.7671203613281250e+00</errorx>
<errory>1.8371887207031250e+00</errory>
<errorx>-7.4462890625000000e-03</errorx>
<errory>1.5991210937500000e-01</errory>
<errorx>-1.5533447265625000e-02</errorx>
<errory>-1.1254882812500000e-01</errory>
<errorx>1.4393615722656250e+00</errorx>
<errory>-2.2658691406250000e+00</errory>
<corregit_x>7.5098447268828750e-04</corregit_x>
<corregit_y>-1.8870830535888672e-04</corregit_y>
<dxmax>2.6459960937500000e+00</dxmax>
<dymax>1.6199951171875000e+00</dymax>
<dxmin>-3.4041748046875000e+00</dxmin>
<dymin>-9.3804931640625000e-01</dymin>
</opencv_storage>
