<?xml version="1.0"?>
<opencv_storage>
<errorx>-1.2961425781250000e+00</errorx>
<errory>-2.3027954101562500e+00</errory>
<errorx>-1.5749511718750000e+00</errorx>
<errory>2.1998291015625000e+00</errory>
<errorx>-7.3999023437500000e-01</errorx>
<errory>1.7028808593750000e-02</errory>
<errorx>6.1279296875000000e-02</errorx>
<errory>-2.5456542968750000e+00</errory>
<errorx>-4.0795898437500000e+00</errorx>
<errory>6.5435791015625000e-01</errory>
<errorx>-2.7070312500000000e+00</errorx>
<errory>-2.2753906250000000e+00</errory>
<errorx>-2.4475097656250000e+00</errorx>
<errory>2.2352294921875000e+00</errory>
<errorx>-2.6606445312500000e+00</errorx>
<errory>-2.2448730468750000e-01</errory>
<errorx>1.0743408203125000e+00</errorx>
<errory>-1.1649169921875000e+00</errory>
<errorx>2.7570800781250000e+00</errorx>
<errory>2.1961669921875000e+00</errory>
<errorx>3.3768310546875000e+00</errorx>
<errory>2.4829101562500000e-01</errory>
<errorx>2.9334716796875000e+00</errorx>
<errory>-1.9196777343750000e+00</errory>
<errorx>1.5002441406250000e-01</errorx>
<errory>-5.1239013671875000e-02</errory>
<errorx>1.4279785156250000e+00</errorx>
<errory>-2.4514770507812500e+00</errory>
<errorx>1.4874267578125000e+00</errorx>
<errory>3.5017089843750000e+00</errory>
<errorx>5.6323242187500000e-01</errorx>
<errory>5.0891113281250000e-01</errory>
<errorx>2.5643310546875000e+00</errorx>
<errory>-1.6439819335937500e+00</errory>
<errorx>3.8996582031250000e+00</errorx>
<errory>1.5408935546875000e+00</errory>
<errorx>4.1342773437500000e+00</errorx>
<errory>6.9580078125000000e-01</errory>
<errorx>4.0142822265625000e+00</errorx>
<errory>-6.8603515625000000e-02</errory>
<errorx>4.4714355468750000e-01</errorx>
<errory>-5.6164550781250000e-01</errory>
<errorx>1.1501464843750000e+00</errorx>
<errory>-2.3088989257812500e+00</errory>
<errorx>1.0645751953125000e+00</errorx>
<errory>3.7883300781250000e+00</errory>
<errorx>5.9594726562500000e-01</errorx>
<errory>1.2894287109375000e+00</errory>
<errorx>-3.0036621093750000e+00</errorx>
<errory>-1.6183776855468750e+00</errory>
<errorx>-3.2469482421875000e+00</errorx>
<errory>1.3887939453125000e+00</errory>
<errorx>-3.4526367187500000e+00</errorx>
<errory>6.6705322265625000e-01</errory>
<errorx>-3.5638427734375000e+00</errorx>
<errory>-6.1840820312500000e-01</errory>
<errorx>1.0671997070312500e+00</errorx>
<errory>1.3845825195312500e-01</errory>
<errorx>-1.0467529296875000e-01</errorx>
<errory>-2.2106323242187500e+00</errory>
<errorx>-9.6923828125000000e-02</errorx>
<errory>3.3886718750000000e+00</errory>
<errorx>1.1893920898437500e+00</errorx>
<errory>1.5869140625000000e-02</errory>
<errorx>5.3466796875000000e-02</errorx>
<errory>-1.7388916015625000e-01</errory>
<errorx>-1.3107299804687500e+00</errorx>
<errory>2.4428100585937500e+00</errory>
<errorx>-2.6683959960937500e+00</errorx>
<errory>3.7042236328125000e-01</errory>
<errorx>-1.3809814453125000e+00</errorx>
<errory>-2.3939208984375000e+00</errory>
<errorx>-2.1577148437500000e+00</errorx>
<errory>1.5762023925781250e+00</errory>
<errorx>-3.0179748535156250e+00</errorx>
<errory>-2.1057739257812500e+00</errory>
<errorx>-3.1509399414062500e+00</errorx>
<errory>1.8177490234375000e+00</errory>
<errorx>-2.1598510742187500e+00</errorx>
<errory>-1.9365234375000000e+00</errory>
<errorx>2.5092773437500000e+00</errorx>
<errory>-3.9767456054687500e-01</errory>
<errorx>3.1992797851562500e+00</errorx>
<errory>2.9800415039062500e+00</errory>
<errorx>2.8510437011718750e+00</errorx>
<errory>-5.2160644531250000e-01</errory>
<errorx>2.2495727539062500e+00</errorx>
<errory>-4.1661376953125000e+00</errory>
<corregit_x>4.3596542127488647e-06</corregit_x>
<corregit_y>1.1989048289251514e-05</corregit_y>
<dxmax>4.1342773437500000e+00</dxmax>
<dymax>3.5017089843750000e+00</dymax>
<dxmin>-4.0795898437500000e+00</dxmin>
<dymin>-2.5456542968750000e+00</dymin>
</opencv_storage>
