<?xml version="1.0"?>
<opencv_storage>
<errorx>-2.0795898437500000e+00</errorx>
<errory>1.0785675048828125e+00</errory>
<errorx>-1.5747070312500000e+00</errorx>
<errory>-3.4313964843750000e-01</errory>
<errorx>-1.0141601562500000e+00</errorx>
<errory>3.8879394531250000e-01</errory>
<errorx>-1.8461914062500000e+00</errorx>
<errory>2.1936035156250000e-01</errory>
<errorx>-1.6641845703125000e+00</errorx>
<errory>-1.1910705566406250e+00</errory>
<errorx>-1.1456298828125000e+00</errorx>
<errory>-6.2469482421875000e-01</errory>
<errorx>-1.1990966796875000e+00</errorx>
<errory>1.2266845703125000e+00</errory>
<errorx>-1.4007568359375000e+00</errorx>
<errory>-6.8603515625000000e-02</errory>
<errorx>6.8223876953125000e+00</errorx>
<errory>1.0227966308593750e-01</errory>
<errorx>6.9407958984375000e+00</errorx>
<errory>-1.4676513671875000e+00</errory>
<errorx>6.7949218750000000e+00</errorx>
<errory>1.1767578125000000e-01</errory>
<errorx>7.3920898437500000e+00</errorx>
<errory>1.5078125000000000e+00</errory>
<errorx>-3.1613769531250000e+00</errorx>
<errory>-1.6195068359375000e+00</errory>
<errorx>-3.5167236328125000e+00</errorx>
<errory>-8.3483886718750000e-01</errory>
<errorx>-3.1159667968750000e+00</errorx>
<errory>7.9138183593750000e-01</errory>
<errorx>-1.4614868164062500e+00</errorx>
<errory>1.4428710937500000e-01</errory>
<errorx>5.2081298828125000e-01</errorx>
<errory>5.3706359863281250e-01</errory>
<errorx>-1.5483398437500000e+00</errorx>
<errory>-1.3482666015625000e+00</errory>
<errorx>-1.4749755859375000e+00</errorx>
<errory>7.8247070312500000e-02</errory>
<errorx>1.9116210937500000e-01</errorx>
<errory>7.0104980468750000e-01</errory>
<errorx>-2.3926086425781250e+00</errorx>
<errory>4.5089721679687500e-01</errory>
<errorx>-3.3681335449218750e+00</errorx>
<errory>-4.6160888671875000e-01</errory>
<errorx>-2.3633422851562500e+00</errorx>
<errory>3.0273437500000000e-02</errory>
<errorx>1.0072937011718750e+00</errorx>
<errory>-1.2830810546875000e+00</errory>
<errorx>1.1723022460937500e+00</errorx>
<errory>1.9451293945312500e+00</errory>
<errorx>5.3695678710937500e-01</errorx>
<errory>7.9663085937500000e-01</errory>
<errorx>2.4237060546875000e-01</errorx>
<errory>2.3822021484375000e-01</errory>
<errorx>2.7202301025390625e+00</errorx>
<errory>-1.1198730468750000e+00</errory>
<corregit_x>5.1089696353301406e-04</corregit_x>
<corregit_y>-2.9005322721786797e-04</corregit_y>
<dxmax>7.3920898437500000e+00</dxmax>
<dymax>1.5078125000000000e+00</dymax>
<dxmin>-3.5167236328125000e+00</dxmin>
<dymin>-1.6195068359375000e+00</dymin>
</opencv_storage>
