<?xml version="1.0"?>
<opencv_storage>
<errorx>-1.7574462890625000e+00</errorx>
<errory>-1.2089538574218750e+00</errory>
<errorx>-2.4428710937500000e+00</errorx>
<errory>1.6888427734375000e+00</errory>
<errorx>-1.9934082031250000e+00</errorx>
<errory>-1.2761840820312500e+00</errory>
<errorx>-1.7174072265625000e+00</errorx>
<errory>1.7364501953125000e+00</errory>
<errorx>1.5363769531250000e+00</errorx>
<errory>2.3297119140625000e-01</errory>
<errorx>2.2446289062500000e+00</errorx>
<errory>2.6096801757812500e+00</errory>
<errorx>2.7156982421875000e+00</errorx>
<errory>1.0058593750000000e-01</errory>
<errorx>2.7497558593750000e+00</errorx>
<errory>-2.0084228515625000e+00</errory>
<errorx>-2.7966308593750000e-01</errorx>
<errory>-8.3575439453125000e-01</errory>
<errorx>2.0227050781250000e-01</errorx>
<errory>7.7288818359375000e-01</errory>
<errorx>9.7253417968750000e-01</errorx>
<errory>-1.8688354492187500e+00</errory>
<errorx>1.0670166015625000e+00</errorx>
<errory>2.0141601562500000e+00</errory>
<errorx>-1.9414062500000000e+00</errorx>
<errory>-5.9750366210937500e-01</errory>
<errorx>-1.3878173828125000e+00</errorx>
<errory>1.9191284179687500e+00</errory>
<errorx>-1.3082275390625000e+00</errorx>
<errory>-2.3657226562500000e-01</errory>
<errorx>-1.0286865234375000e+00</errorx>
<errory>-1.6507568359375000e+00</errory>
<errorx>2.2270507812500000e+00</errorx>
<errory>-8.8519287109375000e-01</errory>
<errorx>2.2344970703125000e+00</errorx>
<errory>3.6853027343750000e-01</errory>
<errorx>2.2556152343750000e+00</errorx>
<errory>-2.1936035156250000e+00</errory>
<errorx>2.5065917968750000e+00</errorx>
<errory>1.8347167968750000e+00</errory>
<errorx>2.1472167968750000e-01</errorx>
<errory>-7.5650024414062500e-01</errory>
<errorx>9.4604492187500000e-03</errorx>
<errory>1.6826782226562500e+00</errory>
<errorx>5.6762695312500000e-02</errorx>
<errory>-5.3076171875000000e-01</errory>
<errorx>9.4238281250000000e-02</errorx>
<errory>-1.5776367187500000e+00</errory>
<errorx>-1.2541503906250000e+00</errorx>
<errory>-1.0900878906250000e+00</errory>
<errorx>-1.7413940429687500e+00</errorx>
<errory>3.9959716796875000e-01</errory>
<errorx>-2.2684326171875000e+00</errorx>
<errory>-2.1207275390625000e+00</errory>
<errorx>-2.5607910156250000e+00</errorx>
<errory>1.7629394531250000e+00</errory>
<errorx>1.0270996093750000e+00</errorx>
<errory>-1.9650268554687500e-01</errory>
<errorx>9.6618652343750000e-02</errorx>
<errory>1.9464721679687500e+00</errory>
<errorx>-2.7581787109375000e-01</errorx>
<errory>-1.7517089843750000e-01</errory>
<errorx>-3.8586425781250000e-01</errorx>
<errory>-1.8065185546875000e+00</errory>
<errorx>-7.0825195312500000e-01</errorx>
<errory>-7.0645141601562500e-01</errory>
<errorx>-1.6222534179687500e+00</errorx>
<errory>1.1003417968750000e+00</errory>
<errorx>-2.4017333984375000e+00</errorx>
<errory>-1.9942626953125000e+00</errory>
<errorx>-2.9437255859375000e+00</errorx>
<errory>1.7243652343750000e+00</errory>
<errorx>3.0098876953125000e+00</errorx>
<errory>4.2880249023437500e-01</errory>
<errorx>2.1822509765625000e+00</errorx>
<errory>2.8220214843750000e+00</errory>
<errorx>1.4200744628906250e+00</errorx>
<errory>3.9550781250000000e-02</errory>
<errorx>1.2946777343750000e+00</errorx>
<errory>-2.0079345703125000e+00</errory>
<errorx>-2.4223327636718750e-02</errorx>
<errory>-1.7892456054687500e+00</errory>
<errorx>6.1837005615234375e-01</errorx>
<errory>1.6821289062500000e+00</errory>
<errorx>5.6831359863281250e-02</errorx>
<errory>-1.3958740234375000e+00</errory>
<errorx>-7.4958801269531250e-01</errorx>
<errory>2.0424804687500000e+00</errory>
<corregit_x>-4.6321324589371216e-06</corregit_x>
<corregit_y>-4.3596542127488647e-06</corregit_y>
<dxmax>2.7497558593750000e+00</dxmax>
<dymax>2.6096801757812500e+00</dymax>
<dxmin>-2.4428710937500000e+00</dxmin>
<dymin>-2.1936035156250000e+00</dymin>
</opencv_storage>
